F_M2N
-1 -1.22463e-16 0 0.00558085 
1.22465e-16 -1 0 28.3789 
-0 0 1 -5.49509 
0 0 0 1 
F_OM1
0.995765 -0.00272576 -0.091899 202.267 
0.0284458 -0.941381 0.336144 -122.08 
-0.0874283 -0.337334 -0.937316 840.971 
0 0 0 1 
F_OM2
0.989744 0.140188 -0.0274448 234.887 
0.00709728 -0.240145 -0.970711 -63.4013 
-0.142673 0.960561 -0.238677 807.082 
0 0 0 1 
234.805 33.9367 811.315
F_OM1
0.990747 -0.00284948 -0.13569 195.044 
0.0435195 -0.940316 0.337507 -122.819 
-0.128553 -0.340289 -0.931492 843.824 
0 0 0 1 
F_OM2
0.972011 0.200845 -0.121888 227.811 
-0.0762289 -0.221124 -0.972262 -63.9881 
-0.222227 0.95434 -0.199624 807.692 
0 0 0 1 
235.595 33.284 808.346
F_OM1
0.983488 -0.00266347 -0.180953 187.473 
0.0594304 -0.939685 0.336837 -123.256 
-0.170937 -0.34203 -0.924011 846.095 
0 0 0 1 
F_OM2
0.94793 0.254188 -0.191876 219.805 
-0.131877 -0.235112 -0.96298 -63.6379 
-0.289891 0.938142 -0.189348 808.846 
0 0 0 1 
233.346 33.486 808.922
F_OM1
0.97426 -0.00265511 -0.22541 179.649 
0.0747008 -0.939631 0.333937 -123.716 
-0.212689 -0.342179 -0.915247 848.013 
0 0 0 1 
F_OM2
0.912795 0.305354 -0.271228 211.859 
-0.197601 -0.251009 -0.947601 -63.4474 
-0.357435 0.918561 -0.168781 809.559 
0 0 0 1 
232.272 33.3152 808.18
F_OM1
0.982854 -0.00269323 -0.184364 186.709 
0.0597461 -0.941293 0.332261 -123.575 
-0.174435 -0.337579 -0.924993 845.6 
0 0 0 1 
F_OM2
0.9532 0.242604 -0.180424 218.918 
-0.118044 -0.250764 -0.960824 -63.5563 
-0.278344 0.937156 -0.21039 808.775 
0 0 0 1 
231.582 33.6628 810.894
F_OM1
0.990261 -0.00243849 -0.1392 194.327 
0.0445677 -0.941679 0.333549 -123.113 
-0.131895 -0.336504 -0.932399 843.405 
0 0 0 1 
F_OM2
0.975645 0.191767 -0.106496 226.798 
-0.0589799 -0.238278 -0.969405 -63.7767 
-0.211276 0.952076 -0.221164 807.781 
0 0 0 1 
233.285 33.5536 810.539
F_OM1
0.995528 -0.00200748 -0.0944407 201.869 
0.0299558 -0.941462 0.335785 -122.284 
-0.0895864 -0.337113 -0.937192 841.104 
0 0 0 1 
F_OM2
0.99043 0.133564 -0.0347692 234.769 
-0.0018735 -0.238888 -0.971045 -63.5016 
-0.138003 0.961818 -0.236351 807.047 
0 0 0 1 
235.514 33.844 811.033
F_OM1
0.998742 -0.00159872 -0.0501255 209.313 
0.0154475 -0.94109 0.337804 -121.45 
-0.0477127 -0.338153 -0.939881 838.887 
0 0 0 1 
F_OM2
0.996007 0.0822664 0.0346679 242.487 
0.0532888 -0.236315 -0.970214 -63.3355 
-0.0716235 0.968188 -0.239756 806.213 
0 0 0 1 
237.586 34.035 810.439
F_OM1
0.999983 1.52342e-05 -0.00575059 217.008 
0.00197444 -0.940116 0.34085 -120.393 
-0.00540102 -0.340855 -0.9401 836.581 
0 0 0 1 
F_OM2
0.993576 0.0302438 0.109051 250.263 
0.113154 -0.250734 -0.96142 -62.6136 
-0.00173426 0.967584 -0.252545 805.946 
0 0 0 1 
239.2 34.6635 811.531
F_OM1
0.999232 0.00184392 0.0391503 224.968 
-0.0117219 -0.939113 0.343409 -119.236 
0.0373997 -0.343604 -0.938369 834.065 
0 0 0 1 
F_OM2
0.983414 -0.0215231 0.180094 258.346 
0.168579 -0.257888 -0.951354 -62.0428 
0.0669202 0.965935 -0.249982 805.135 
0 0 0 1 
241.299 35.2188 810.72
F_OM1
0.999997 -0.00238928 0.000411479 217.964 
-0.00238671 -0.940313 0.340303 -120.089 
-0.000426161 -0.340303 -0.940316 836.245 
0 0 0 1 
F_OM2
0.993008 0.0148557 0.117105 251.633 
0.117283 -0.236559 -0.964512 -62.8363 
0.0133737 0.971503 -0.236648 805.196 
0 0 0 1 
240.093 34.4643 809.177
F_OM1
0.998985 -0.00239306 -0.0449822 210.166 
0.0130266 -0.940574 0.33934 -121.189 
-0.0431211 -0.339582 -0.939588 838.767 
0 0 0 1 
F_OM2
0.996799 0.0773156 0.0203428 244.074 
0.0369499 -0.219891 -0.974824 -63.6029 
-0.0708959 0.972456 -0.222044 805.616 
0 0 0 1 
240.64 33.8912 808.065
F_OM1
0.995907 -0.00260761 -0.0903511 202.623 
0.0283589 -0.940098 0.339722 -121.843 
-0.0858248 -0.340894 -0.936176 841.416 
0 0 0 1 
F_OM2
0.989829 0.135494 -0.0433632 235.869 
-0.012206 -0.2228 -0.974788 -63.7056 
-0.141739 0.965402 -0.21888 806.911 
0 0 0 1 
237.398 33.6865 809.159
F_OM1
0.990766 -0.00291992 -0.13555 195.066 
0.0435589 -0.939912 0.338628 -122.645 
-0.128394 -0.341405 -0.931106 843.814 
0 0 0 1 
F_OM2
0.971624 0.201595 -0.123716 227.857 
-0.0782132 -0.219788 -0.972407 -64.0458 
-0.223224 0.954491 -0.197784 807.637 
0 0 0 1 
235.801 33.2144 808.113
F_OM1
0.983511 -0.00288389 -0.180825 187.485 
0.0593708 -0.939307 0.3379 -123.101 
-0.170824 -0.343064 -0.923648 846.088 
0 0 0 1 
F_OM2
0.947218 0.256062 -0.192899 219.77 
-0.132647 -0.234744 -0.962964 -63.7102 
-0.291861 0.937725 -0.188388 808.822 
0 0 0 1 
233.373 33.405 808.815
F_OM1
0.974296 -0.00295488 -0.225254 179.635 
0.0745485 -0.939347 0.334768 -123.566 
-0.212581 -0.342955 -0.914981 848.01 
0 0 0 1 
F_OM2
0.912037 0.305761 -0.27331 211.852 
-0.199978 -0.250259 -0.947301 -63.5425 
-0.358046 0.91863 -0.1671 809.508 
0 0 0 1 
232.459 33.1765 807.965
F_OM1
0.982867 -0.0026093 -0.184298 186.726 
0.0597635 -0.941367 0.332048 -123.615 
-0.174359 -0.337374 -0.925083 845.577 
0 0 0 1 
F_OM2
0.954442 0.237085 -0.181194 219.119 
-0.120243 -0.250162 -0.960708 -63.4991 
-0.273097 0.938728 -0.210258 808.703 
0 0 0 1 
231.964 33.6972 810.778
F_OM1
0.990274 -0.00225713 -0.139114 194.35 
0.0446729 -0.941769 0.333281 -123.176 
-0.131765 -0.336254 -0.932508 843.378 
0 0 0 1 
F_OM2
0.976904 0.185046 -0.106848 227.019 
-0.0608556 -0.23839 -0.969261 -63.7235 
-0.20483 0.953377 -0.221623 807.723 
0 0 0 1 
233.67 33.5953 810.501
F_OM1
0.995536 -0.00192179 -0.0943605 201.885 
0.0300056 -0.941475 0.335744 -122.303 
-0.0894833 -0.337077 -0.937215 841.098 
0 0 0 1 
F_OM2
0.990688 0.131444 -0.0354966 234.869 
-0.00310237 -0.23885 -0.971051 -63.459 
-0.136117 0.962119 -0.236218 807.007 
0 0 0 1 
235.725 33.8864 810.974
F_OM1
0.998741 -0.00172176 -0.0501404 209.313 
0.0153504 -0.940994 0.338076 -121.393 
-0.0477639 -0.33842 -0.939782 838.886 
0 0 0 1 
F_OM2
0.995965 0.0829283 0.0342967 242.486 
0.0530934 -0.236402 -0.970204 -63.3385 
-0.0723496 0.96811 -0.239851 806.187 
0 0 0 1 
237.608 34.0327 810.425
F_OM1
0.999984 -0.000423242 -0.00563192 217.012 
0.00152857 -0.939689 0.342026 -120.197 
-0.00543701 -0.34203 -0.939673 836.597 
0 0 0 1 
F_OM2
0.993456 0.0306696 0.110021 250.259 
0.114199 -0.250139 -0.961451 -62.6773 
-0.00196662 0.967724 -0.252005 805.905 
0 0 0 1 
239.095 34.5914 811.436
F_OM1
0.999229 0.00146648 0.0392425 224.967 
-0.0121593 -0.938639 0.344687 -119.024 
0.03734 -0.344898 -0.937897 834.087 
0 0 0 1 
F_OM2
0.983086 -0.0214203 0.181885 258.353 
0.170374 -0.257359 -0.951178 -62.1359 
0.0671842 0.966078 -0.249357 805.089 
0 0 0 1 
241.13 35.0984 810.61
F_OM1
0.999996 -0.00259671 0.000522953 217.96 
-0.00261917 -0.93986 0.341549 -119.912 
-0.000395402 -0.34155 -0.939864 836.26 
0 0 0 1 
F_OM2
0.992911 0.0139206 0.118045 251.665 
0.117977 -0.236453 -0.964454 -62.9091 
0.0144862 0.971543 -0.236419 805.173 
0 0 0 1 
240.052 34.3838 809.132
F_OM1
0.998986 -0.0026154 -0.044944 210.161 
0.0128421 -0.940279 0.340162 -121.045 
-0.0431496 -0.340395 -0.939292 838.811 
0 0 0 1 
F_OM2
0.996852 0.0765118 0.0207975 244.09 
0.0371448 -0.218914 -0.975037 -63.6831 
-0.070049 0.97274 -0.221067 805.603 
0 0 0 1 
240.628 33.8125 807.954
F_OM1
0.995907 -0.00281226 -0.0903375 202.62 
0.028207 -0.939922 0.340222 -121.751 
-0.085867 -0.341378 -0.935996 841.422 
0 0 0 1 
F_OM2
0.989878 0.135055 -0.0436127 235.882 
-0.0124752 -0.223309 -0.974668 -63.7325 
-0.141373 0.965346 -0.219363 806.903 
0 0 0 1 
237.443 33.658 809.199
F_OM1
0.990757 -0.00310282 -0.13561 195.056 
0.0434908 -0.939694 0.33924 -122.567 
-0.128485 -0.342003 -0.930874 843.835 
0 0 0 1 
F_OM2
0.971535 0.201433 -0.124676 227.864 
-0.0792683 -0.219529 -0.97238 -64.0935 
-0.223239 0.954585 -0.197313 807.62 
0 0 0 1 
235.903 33.1591 808.048
F_OM1
0.983603 -0.00304792 -0.180323 187.558 
0.0591358 -0.939128 0.33844 -122.993 
-0.170378 -0.343554 -0.923549 845.985 
0 0 0 1 
F_OM2
0.947644 0.255698 -0.191282 219.789 
-0.130451 -0.236762 -0.96277 -63.6719 
-0.291467 0.937317 -0.19101 808.807 
0 0 0 1 
233.244 33.4636 809.059
F_OM1
0.974292 -0.00316833 -0.225265 179.632 
0.0744356 -0.93922 0.335151 -123.496 
-0.212635 -0.343303 -0.914839 848.022 
0 0 0 1 
F_OM2
0.911718 0.305823 -0.274303 211.85 
-0.201116 -0.249954 -0.947141 -63.5972 
-0.358221 0.918692 -0.166382 809.486 
0 0 0 1 
232.552 33.1004 807.873
F_OM1
0.982875 -0.00273293 -0.184252 186.727 
0.059698 -0.941242 0.332415 -123.555 
-0.174334 -0.337722 -0.92496 845.584 
0 0 0 1 
F_OM2
0.954263 0.237451 -0.181659 219.108 
-0.12059 -0.250292 -0.960631 -63.5062 
-0.27357 0.938601 -0.21021 808.7 
0 0 0 1 
231.991 33.6851 810.774
F_OM1
0.990274 -0.00230318 -0.139115 194.348 
0.0446661 -0.941677 0.333541 -123.136 
-0.13177 -0.33651 -0.932415 843.39 
0 0 0 1 
F_OM2
0.976606 0.186485 -0.107067 226.98 
-0.0607699 -0.238259 -0.969298 -63.7333 
-0.206269 0.95313 -0.221353 807.725 
0 0 0 1 
233.624 33.5865 810.482
F_OM1
0.995535 -0.00195303 -0.094375 201.897 
0.0299888 -0.941446 0.335826 -122.269 
-0.0895049 -0.337157 -0.937184 841.103 
0 0 0 1 
F_OM2
0.990577 0.132427 -0.034929 234.843 
-0.00230545 -0.238878 -0.971047 -63.4695 
-0.136937 0.961977 -0.236322 807.012 
0 0 0 1 
235.626 33.8761 810.992
F_OM1
0.998742 -0.00177164 -0.0501189 209.319 
0.0153088 -0.940905 0.338325 -121.371 
-0.0477565 -0.338667 -0.939694 838.893 
0 0 0 1 
F_OM2
0.995967 0.082827 0.0344899 242.489 
0.0532433 -0.236215 -0.970241 -63.3545 
-0.0722151 0.968164 -0.239673 806.185 
0 0 0 1 
237.595 34.0166 810.404
F_OM1
0.999984 -0.000489078 -0.00563684 217.009 
0.00146988 -0.939596 0.342282 -120.158 
-0.00546376 -0.342285 -0.93958 836.606 
0 0 0 1 
F_OM2
0.993438 0.0306073 0.1102 250.261 
0.114356 -0.250295 -0.961392 -62.6971 
-0.00184308 0.967686 -0.252153 805.904 
0 0 0 1 
239.08 34.5688 811.45
F_OM1
0.999232 0.00135889 0.039157 224.965 
-0.0122341 -0.938607 0.344771 -118.991 
0.0372215 -0.344985 -0.93787 834.085 
0 0 0 1 
F_OM2
0.983036 -0.0214546 0.182156 258.354 
0.17062 -0.257468 -0.951104 -62.1426 
0.0673049 0.966049 -0.24944 805.076 
0 0 0 1 
241.105 35.0867 810.606
F_OM1
0.999996 -0.00267236 0.000505131 217.948 
-0.00268416 -0.939845 0.341589 -119.908 
-0.000438105 -0.34159 -0.939849 836.273 
0 0 0 1 
F_OM2
0.992947 0.0139487 0.117738 251.663 
0.117687 -0.236364 -0.964511 -62.9139 
0.0143753 0.971565 -0.236338 805.177 
0 0 0 1 
240.08 34.3827 809.128
F_OM1
0.998986 -0.00261042 -0.0449545 210.161 
0.0128584 -0.940216 0.340337 -121.034 
-0.0431554 -0.340569 -0.939228 838.833 
0 0 0 1 
F_OM2
0.996849 0.0765997 0.0206256 244.093 
0.0369621 -0.218442 -0.97515 -63.6844 
-0.0701907 0.972839 -0.220585 805.607 
0 0 0 1 
240.646 33.8128 807.91
