F_M2N
-1 -1.22463e-16 0 0.00558085 
1.22465e-16 -1 0 28.3789 
-0 0 1 -5.49509 
0 0 0 1 
F_OM1
0.998187 -0.00166042 -0.0601658 213.155 
0.0189342 -0.940207 0.340077 -120.765 
-0.057133 -0.3406 -0.938471 838.234 
0 0 0 1 
F_OM2
0.995509 0.0881573 -0.0345051 247.998 
-0.0127817 -0.23598 -0.971674 -62.5383 
-0.0938026 0.967751 -0.233794 805.133 
0 0 0 1 
249.595 34.8111 808.76
F_OM1
0.998084 -0.000699509 -0.0618648 212.3 
0.020478 -0.939838 0.341005 -117.381 
-0.0583814 -0.341619 -0.938024 829.087 
0 0 0 1 
F_OM2
0.993746 0.102993 -0.0431529 246.941 
-0.00794123 -0.320281 -0.947289 -57.529 
-0.111385 0.941707 -0.31746 799.202 
0 0 0 1 
248.913 35.4931 810.107
F_OM1
0.998098 -0.00019913 -0.0616466 211.637 
0.0209955 -0.939114 0.342964 -113.615 
-0.0579615 -0.343606 -0.937324 819.608 
0 0 0 1 
F_OM2
0.993774 0.100287 -0.0485262 246.506 
-0.00466211 -0.397747 -0.917483 -52.4213 
-0.111313 0.911998 -0.394803 792.896 
0 0 0 1 
248.867 36.4358 810.203
F_OM1
0.998064 0.000234291 -0.0621903 210.942 
0.0218219 -0.937731 0.346677 -109.466 
-0.0582366 -0.347363 -0.935921 810.199 
0 0 0 1 
F_OM2
0.99436 0.0928843 -0.051199 246.056 
-0.000315593 -0.48014 -0.877192 -47.1202 
-0.10606 0.87226 -0.477403 787.097 
0 0 0 1 
248.664 37.4975 811.247
F_OM1
0.998042 -0.00347444 -0.0624437 211.438 
0.0180318 -0.940068 0.34051 -113.214 
-0.0598844 -0.34097 -0.938165 818.338 
0 0 0 1 
F_OM2
0.991938 0.0939888 -0.0850026 247.596 
-0.0415118 -0.39276 -0.918704 -52.2397 
-0.119733 0.914826 -0.385692 791.095 
0 0 0 1 
253.306 36.6288 807.542
F_OM1
0.998076 -0.00351936 -0.0619024 212.184 
0.0177413 -0.940433 0.339517 -116.901 
-0.0594099 -0.339962 -0.938561 828.078 
0 0 0 1 
F_OM2
0.991323 0.11159 -0.0694773 247.419 
-0.0316291 -0.310524 -0.950039 -57.4406 
-0.12759 0.943993 -0.3043 797.542 
0 0 0 1 
251.637 35.6449 807.196
F_OM1
0.998086 -0.00442198 -0.0616875 212.857 
0.0168792 -0.940097 0.34049 -120.298 
-0.0594979 -0.34088 -0.938222 838.024 
0 0 0 1 
F_OM2
0.991525 0.11655 -0.0574032 247.617 
-0.0294673 -0.228574 -0.973081 -62.8073 
-0.126534 0.966525 -0.223202 804.415 
0 0 0 1 
250.852 34.5332 807.055
F_OM1
0.998118 -0.00522082 -0.0610997 213.632 
0.0160114 -0.939619 0.341848 -123.936 
-0.0591952 -0.342183 -0.937767 848.173 
0 0 0 1 
F_OM2
0.991725 0.120316 -0.0447848 247.961 
-0.0272726 -0.143438 -0.989283 -68.5812 
-0.125451 0.982318 -0.13897 811.722 
0 0 0 1 
250.121 33.1303 806.64
F_OM1
0.998116 -0.00518111 -0.0611311 214.407 
0.0160091 -0.939909 0.34105 -128.03 
-0.0592247 -0.341386 -0.938055 858.869 
0 0 0 1 
F_OM2
0.990881 0.12953 -0.0371134 248.274 
-0.0302341 -0.0546785 -0.998046 -74.654 
-0.131306 0.990067 -0.0502637 819.713 
0 0 0 1 
249.685 31.4909 805.876
F_OM1
0.998132 -0.00538691 -0.0608547 215.284 
0.0156283 -0.940446 0.339583 -132.492 
-0.0590599 -0.3399 -0.938605 870.152 
0 0 0 1 
F_OM2
0.99212 0.1235 -0.0211059 248.924 
-0.024395 0.0251806 -0.999385 -80.3368 
-0.122892 0.992025 0.027995 828.615 
0 0 0 1 
248.896 30.5591 806.327
F_OM1
0.998088 -0.00263574 -0.0617602 214.554 
0.0183168 -0.941613 0.336197 -129.363 
-0.0590403 -0.336686 -0.939764 859.942 
0 0 0 1 
F_OM2
0.994944 0.0991471 -0.0160185 248.578 
-0.00883643 -0.0724582 -0.997332 -74.0522 
-0.100043 0.992431 -0.0712157 821.248 
0 0 0 1 
248.355 32.3611 809.571
F_OM1
0.998091 -0.00192037 -0.0617266 213.766 
0.0189601 -0.941716 0.335874 -125.442 
-0.0587739 -0.336404 -0.939882 849.052 
0 0 0 1 
F_OM2
0.9945 0.101268 -0.0267147 248.046 
-0.0103676 -0.158634 -0.987283 -68.1832 
-0.104218 0.98213 -0.156711 813.209 
0 0 0 1 
248.767 33.6219 809.906
F_OM1
0.998115 -0.00184528 -0.0613416 213.077 
0.0192179 -0.939876 0.340975 -120.959 
-0.0582826 -0.341512 -0.938069 839.061 
0 0 0 1 
F_OM2
0.994442 0.101769 -0.0269873 247.297 
-0.00165041 -0.241223 -0.970468 -62.8429 
-0.105274 0.965119 -0.239714 806.094 
0 0 0 1 
247.913 34.4928 810.338
F_OM1
0.998066 -0.00128843 -0.062145 212.222 
0.0200943 -0.939413 0.342197 -117.172 
-0.0588207 -0.342784 -0.937571 829.142 
0 0 0 1 
F_OM2
0.993679 0.104156 -0.0418641 246.781 
-0.00579715 -0.324826 -0.945756 -57.5583 
-0.112105 0.940021 -0.32217 799.292 
0 0 0 1 
248.611 35.411 810.661
F_OM1
0.998098 -0.000660995 -0.0616358 211.623 
0.020612 -0.938799 0.343848 -113.442 
-0.0580909 -0.344465 -0.937 819.639 
0 0 0 1 
F_OM2
0.993598 0.102144 -0.0482658 246.409 
-0.00339448 -0.400047 -0.916489 -52.4933 
-0.112922 0.910785 -0.397139 792.886 
0 0 0 1 
248.711 36.3203 810.424
F_OM1
0.998065 -7.17985e-05 -0.0621751 210.935 
0.021571 -0.937487 0.34735 -109.335 
-0.0583133 -0.34802 -0.935672 810.227 
0 0 0 1 
F_OM2
0.993857 0.0982817 -0.0508849 245.891 
0.00282345 -0.482142 -0.876089 -47.1513 
-0.110637 0.870563 -0.479458 787.112 
0 0 0 1 
248.368 37.4104 811.472
F_OM1
0.99805 -0.00345268 -0.062317 211.436 
0.0180716 -0.93971 0.341494 -113.034 
-0.0597389 -0.341955 -0.937816 818.353 
0 0 0 1 
F_OM2
0.991345 0.100128 -0.0849107 247.395 
-0.0387981 -0.39444 -0.918102 -52.2798 
-0.125419 0.91345 -0.387142 791.098 
0 0 0 1 
252.978 36.568 807.7
F_OM1
0.99808 -0.00329017 -0.0618464 212.188 
0.0179822 -0.940176 0.340215 -116.765 
-0.0592659 -0.340674 -0.938312 828.093 
0 0 0 1 
F_OM2
0.991309 0.111157 -0.0703664 247.414 
-0.0324904 -0.311446 -0.949708 -57.5137 
-0.127482 0.94374 -0.305127 797.529 
0 0 0 1 
251.722 35.5592 807.264
F_OM1
0.998096 -0.00422205 -0.0615277 212.867 
0.017026 -0.940018 0.340699 -120.263 
-0.0592757 -0.341098 -0.938157 838.021 
0 0 0 1 
F_OM2
0.991079 0.120095 -0.0577927 247.514 
-0.0289682 -0.229154 -0.972959 -62.8398 
-0.130091 0.965953 -0.223631 804.432 
0 0 0 1 
250.718 34.5004 807.124
F_OM1
0.998129 -0.00506809 -0.0609336 213.646 
0.0160793 -0.939726 0.34155 -123.952 
-0.0589919 -0.34189 -0.937886 848.151 
0 0 0 1 
F_OM2
0.991283 0.124035 -0.0444272 247.846 
-0.0262465 -0.144536 -0.989151 -68.583 
-0.129111 0.981695 -0.140021 811.755 
0 0 0 1 
249.898 33.1365 806.791
F_OM1
0.998113 -0.00515008 -0.0611896 214.4 
0.0160588 -0.939906 0.341056 -128.024 
-0.0592689 -0.341395 -0.93805 858.881 
0 0 0 1 
F_OM2
0.990751 0.130262 -0.0380094 248.258 
-0.0310764 -0.0548496 -0.998011 -74.6483 
-0.132088 0.989961 -0.0502942 819.728 
0 0 0 1 
249.749 31.4961 805.896
F_OM1
0.998138 -0.00516934 -0.0607793 215.296 
0.0157277 -0.940903 0.33831 -132.638 
-0.0589363 -0.338636 -0.93907 870.134 
0 0 0 1 
F_OM2
0.992003 0.124497 -0.0207486 248.893 
-0.0237367 0.0225663 -0.999464 -80.1631 
-0.123962 0.991963 0.025341 828.639 
0 0 0 1 
248.805 30.7921 806.649
F_OM1
0.99809 -0.00285586 -0.0617123 214.56 
0.0180904 -0.941632 0.336157 -129.352 
-0.0590703 -0.336631 -0.939782 859.916 
0 0 0 1 
F_OM2
0.995007 0.0985131 -0.0160186 248.607 
-0.00881095 -0.0731683 -0.997281 -74.0259 
-0.0994172 0.992442 -0.071935 821.242 
0 0 0 1 
248.396 32.3957 809.64
F_OM1
0.998096 -0.00304242 -0.0616016 213.759 
0.0180528 -0.940629 0.338956 -124.944 
-0.0589755 -0.339423 -0.938783 849.113 
0 0 0 1 
F_OM2
0.994585 0.100396 -0.0268446 248.063 
-0.010715 -0.15787 -0.987402 -68.3622 
-0.103369 0.982343 -0.155939 813.16 
0 0 0 1 
248.813 33.4401 809.776
F_OM1
0.998127 -0.00202286 -0.0611468 213.089 
0.0189643 -0.939996 0.340659 -120.997 
-0.0581668 -0.341181 -0.938196 839.032 
0 0 0 1 
F_OM2
0.994536 0.100961 -0.0265514 247.325 
-0.00133905 -0.24198 -0.97028 -62.8745 
-0.104386 0.965014 -0.240523 806.068 
0 0 0 1 
247.915 34.4579 810.391
F_OM1
0.998076 -0.00147217 -0.0619831 212.231 
0.0198562 -0.939473 0.342046 -117.175 
-0.058735 -0.342619 -0.937637 829.12 
0 0 0 1 
F_OM2
0.993263 0.108222 -0.0414309 246.681 
-0.00408803 -0.324581 -0.945849 -57.5636 
-0.11581 0.939646 -0.321951 799.289 
0 0 0 1 
248.393 35.4095 810.645
F_OM1
0.998105 -0.000786121 -0.061522 211.636 
0.0204544 -0.938806 0.343839 -113.425 
-0.0580275 -0.344446 -0.937011 819.616 
0 0 0 1 
F_OM2
0.993471 0.103514 -0.047959 246.384 
-0.00247135 -0.400758 -0.916181 -52.4705 
-0.114057 0.910317 -0.397886 792.895 
0 0 0 1 
248.633 36.3296 810.508
F_OM1
0.998069 -0.00022389 -0.0621067 210.944 
0.0214087 -0.937464 0.347422 -109.297 
-0.0583006 -0.348081 -0.93565 810.214 
0 0 0 1 
F_OM2
0.993718 0.0998821 -0.0504881 245.851 
0.00403789 -0.482823 -0.875709 -47.1541 
-0.111844 0.870003 -0.480193 787.114 
0 0 0 1 
248.263 37.3881 811.548
F_OM1
0.99805 -0.00342063 -0.0623235 211.439 
0.0180777 -0.93986 0.341081 -113.108 
-0.0597421 -0.341543 -0.937966 818.326 
0 0 0 1 
F_OM2
0.991183 0.101632 -0.0850084 247.364 
-0.0382451 -0.394821 -0.917962 -52.2737 
-0.126858 0.91312 -0.387453 791.108 
0 0 0 1 
252.927 36.569 807.744
F_OM1
0.998086 -0.00345003 -0.061747 212.192 
0.0178068 -0.940127 0.34036 -116.733 
-0.0592243 -0.340808 -0.938266 828.084 
0 0 0 1 
F_OM2
0.991304 0.11126 -0.0702615 247.407 
-0.0323005 -0.311872 -0.949575 -57.5276 
-0.127563 0.943587 -0.305566 797.526 
0 0 0 1 
251.703 35.5414 807.304
F_OM1
0.998092 -0.00433347 -0.0615918 212.868 
0.0169549 -0.939951 0.340887 -120.225 
-0.0593705 -0.341281 -0.938085 838.025 
0 0 0 1 
F_OM2
0.991124 0.119587 -0.0580633 247.528 
-0.0293659 -0.229029 -0.972977 -62.8741 
-0.129654 0.966046 -0.223484 804.416 
0 0 0 1 
250.768 34.4653 807.092
F_OM1
0.998115 -0.00528001 -0.06115 213.628 
0.0159668 -0.939655 0.341751 -123.93 
-0.0592643 -0.342083 -0.937799 848.178 
0 0 0 1 
F_OM2
0.991055 0.125379 -0.0457133 247.823 
-0.0273916 -0.144139 -0.989178 -68.5751 
-0.130611 0.981582 -0.139416 811.747 
0 0 0 1 
249.978 33.1395 806.724
F_OM1
0.998109 -0.00543739 -0.0612351 214.387 
0.0157958 -0.939956 0.340929 -128.012 
-0.0594121 -0.341251 -0.938093 858.873 
0 0 0 1 
F_OM2
0.99069 0.130496 -0.0387741 248.255 
-0.0318406 -0.0548065 -0.997989 -74.6823 
-0.132358 0.989933 -0.0501413 819.711 
0 0 0 1 
249.822 31.459 805.863
F_OM1
0.998139 -0.00542877 -0.0607395 215.293 
0.0155101 -0.940675 0.338955 -132.556 
-0.0589762 -0.339266 -0.93884 870.15 
0 0 0 1 
F_OM2
0.991969 0.124745 -0.0208961 248.886 
-0.024058 0.0238942 -0.999425 -80.2526 
-0.124174 0.991901 0.0267034 828.633 
0 0 0 1 
248.81 30.6726 806.492
F_OM1
0.998087 -0.00297289 -0.0617511 214.562 
0.0180305 -0.941421 0.336751 -129.249 
-0.0591349 -0.33722 -0.939567 859.934 
0 0 0 1 
F_OM2
0.994987 0.0988059 -0.0154397 248.582 
-0.00821166 -0.0731469 -0.997287 -74.0783 
-0.0996672 0.992415 -0.0719689 821.245 
0 0 0 1 
248.304 32.3436 809.648
F_OM1
0.998096 -0.00293818 -0.0616044 213.76 
0.0181255 -0.94078 0.338533 -124.999 
-0.0589509 -0.339006 -0.938936 849.084 
0 0 0 1 
F_OM2
0.994452 0.101768 -0.0266249 248.027 
-0.0101849 -0.158767 -0.987264 -68.331 
-0.104699 0.982057 -0.15685 813.16 
0 0 0 1 
248.729 33.4748 809.872
