F_M1R
-1 -1.22465e-16 0 0 
1.22465e-16 -1 0 0 
-0 0 1 0 
0 0 0 1 
F_OM1
0.954466 -0.000627265 0.298319 71.7025 
-0.0923947 -0.951448 0.293615 -19.5306 
0.283651 -0.307809 -0.908183 784.917 
0 0 0 1 
first home: 
71.7025 -19.5306 784.917
F_OM1
0.954468 -0.000614584 0.298312 71.7104 
-0.092394 -0.951434 0.293661 -19.5282 
0.283643 -0.307852 -0.90817 784.921 
0 0 0 1 
difference vector: 
0.0079 0.00242 0.0041
difference magnitude
0.00922369
F_OM1
0.954474 -0.000611421 0.298295 71.7005 
-0.0923808 -0.95144 0.293647 -19.5252 
0.28363 -0.307835 -0.908181 784.924 
0 0 0 1 
difference vector: 
-0.00206 0.00536 0.0071
difference magnitude
0.00913144
F_OM1
0.954489 -0.00064797 0.298246 71.6996 
-0.0923966 -0.951442 0.293633 -19.5334 
0.283574 -0.307827 -0.908201 784.922 
0 0 0 1 
difference vector: 
-0.00296 -0.00286 0.005
difference magnitude
0.0064762
F_OM1
0.954476 -0.000659331 0.298286 71.7044 
-0.0924105 -0.951452 0.293598 -19.5331 
0.283611 -0.307797 -0.908199 784.926 
0 0 0 1 
difference vector: 
0.0019 -0.0025 0.0093
difference magnitude
0.0098158
F_OM1
0.954495 -0.000615852 0.298226 71.6917 
-0.0923703 -0.951432 0.293674 -19.5351 
0.28356 -0.307858 -0.908194 784.93 
0 0 0 1 
difference vector: 
-0.01079 -0.00455 0.0127
difference magnitude
0.0172747
F_OM1
0.954466 -0.00062022 0.29832 71.7073 
-0.0924005 -0.951435 0.293655 -19.5327 
0.28365 -0.307848 -0.90817 784.916 
0 0 0 1 
difference vector: 
0.00482 -0.00215 -0.0006
difference magnitude
0.00531177
F_OM1
0.954481 -0.000600256 0.298272 71.7012 
-0.0923899 -0.951411 0.293736 -19.5346 
0.283603 -0.307923 -0.908159 784.936 
0 0 0 1 
difference vector: 
-0.00133 -0.00407 0.0195
difference magnitude
0.0199646
F_OM1
0.954481 -0.000607838 0.29827 71.7051 
-0.092372 -0.951437 0.293657 -19.5314 
0.283606 -0.307842 -0.908185 784.922 
0 0 0 1 
difference vector: 
0.00263 -0.0008 0.0054
difference magnitude
0.00605945
F_OM1
0.954479 -0.000624643 0.298276 71.707 
-0.0923782 -0.951449 0.293616 -19.5339 
0.283611 -0.307805 -0.908196 784.928 
0 0 0 1 
difference vector: 
0.00447 -0.00329 0.0107
difference magnitude
0.0120538
F_OM1
0.954484 -0.000596907 0.298263 71.7044 
-0.0923607 -0.951436 0.293663 -19.5285 
0.283603 -0.307845 -0.908186 784.923 
0 0 0 1 
difference vector: 
0.00191 0.00204 0.0062
difference magnitude
0.00680071
F_OM1
0.954481 -0.000621313 0.298272 71.6947 
-0.0923651 -0.951459 0.29359 -19.5285 
0.283611 -0.307776 -0.908206 784.93 
0 0 0 1 
difference vector: 
-0.00779 0.00211 0.0134
difference magnitude
0.0156428
F_OM1
0.95448 -0.00058202 0.298276 71.7114 
-0.0923752 -0.95141 0.293743 -19.5262 
0.283612 -0.307925 -0.908156 784.931 
0 0 0 1 
difference vector: 
0.00889 0.00438 0.0141
difference magnitude
0.0172345
F_OM1
0.954517 -0.000632778 0.298157 71.6865 
-0.0923634 -0.951434 0.293672 -19.5321 
0.283491 -0.307853 -0.908218 784.938 
0 0 0 1 
difference vector: 
-0.01599 -0.0015 0.0211
difference magnitude
0.0265168
F_OM1
0.954485 -0.000598902 0.298258 71.6955 
-0.0923742 -0.951422 0.293705 -19.5324 
0.283594 -0.307889 -0.908174 784.931 
0 0 0 1 
difference vector: 
-0.00702 -0.00186 0.014
difference magnitude
0.0157715
F_OM1
0.954473 -0.000585187 0.298297 71.704 
-0.0923805 -0.951415 0.293727 -19.5319 
0.283632 -0.307911 -0.908154 784.925 
0 0 0 1 
difference vector: 
0.00152 -0.00128 0.008
difference magnitude
0.00824311
F_OM1
0.954483 -0.000599948 0.298265 71.6969 
-0.092375 -0.951425 0.293697 -19.5307 
0.283601 -0.307881 -0.908174 784.928 
0 0 0 1 
difference vector: 
-0.00567 -0.0001 0.0111
difference magnitude
0.0124647
F_OM1
0.954522 -0.000620269 0.29814 71.6848 
-0.0923696 -0.951409 0.29375 -19.5353 
0.283471 -0.30793 -0.908198 784.937 
0 0 0 1 
difference vector: 
-0.01769 -0.00471 0.02
difference magnitude
0.0271131
F_OM1
0.954484 -0.000612131 0.29826 71.6975 
-0.0923761 -0.951434 0.293667 -19.53 
0.283595 -0.307852 -0.908185 784.92 
0 0 0 1 
difference vector: 
-0.00502 0.00053 0.0028
difference magnitude
0.00577246
F_OM1
0.954501 -0.000601972 0.298208 71.6871 
-0.092368 -0.951415 0.29373 -19.5345 
0.283543 -0.30791 -0.908182 784.934 
0 0 0 1 
difference vector: 
-0.01546 -0.00392 0.0173
difference magnitude
0.0235302
F_OM1
0.954482 -0.000609402 0.298267 71.6669 
-0.0923673 -0.951443 0.29364 -19.5321 
0.283605 -0.307824 -0.908192 784.933 
0 0 0 1 
difference vector: 
-0.0356 -0.00154 0.0166
difference magnitude
0.0393102
