F_M2N
-1 -1.22463e-16 0 0.00558085 
1.22465e-16 -1 0 28.3789 
-0 0 1 -5.49509 
0 0 0 1 
F_OM home
0.998523 0.0489061 0.0236655 302.723 
0.0296077 -0.124593 -0.991766 13.1951 
-0.0455548 0.991002 -0.125857 832.403 
0 0 0 1 
F_M1R
-1 0 0 -37.5 
0 -1 0 -5 
0 0 1 -71.99 
0 0 0 1 
-0.0662821, 430.515
F_OM1
0.996812 0.0494167 -0.0626466 362.948 
0.0593875 -0.983846 0.16888 -134.318 
-0.0532891 -0.172062 -0.983644 1211.67 
0 0 0 1 
F_OM2
0.994587 0.103693 -0.00659984 300.888 
0.00710019 -0.131199 -0.991331 14.4722 
-0.10366 0.985918 -0.131225 828.131 
0 0 0 1 
F_RN measured
0.997362 0.043032 0.0584586 -6.46046 
0.0599997 -0.0354351 -0.997569 84.9489 
-0.0408559 0.998445 -0.0379235 450.14 
0 0 0 1 
F_RN expected
1 -0.000271076 0 -0.0533518 
0.000271076 1 0 382.815 
-0 0 1 0 
0 0 0 1 
expected needle
-0.0662821 430.515 -115
actual needle
-11.1306 197.979 502.127
difference vector
-11.0643 -232.536 617.127
difference magnitude
659.577
-0.0662821, 435.515
F_OM1
0.996806 0.0494224 -0.0627359 362.953 
0.0594163 -0.98382 0.169023 -134.328 
-0.0533672 -0.172211 -0.983613 1211.63 
0 0 0 1 
F_OM2
0.996586 0.0825655 0.000317127 301.232 
0.0121553 -0.142916 -0.98966 16.0057 
-0.0816665 0.986285 -0.143432 823.439 
0 0 0 1 
F_RN measured
0.998483 0.0211749 0.0508313 -6.51133 
0.0513588 -0.0251645 -0.998363 85.3004 
-0.0198611 0.999459 -0.0262139 454.886 
0 0 0 1 
F_RN expected
1 -0.000265644 0 -0.0536109 
0.000265644 1 0 387.815 
-0 0 1 0 
0 0 0 1 
expected needle
-0.0662821 435.515 -115
actual needle
-11.3469 198.912 505.575
difference vector
-11.2806 -236.603 620.575
difference magnitude
664.245
-0.0662821, 440.515
F_OM1
0.99679 0.0494281 -0.0629813 362.951 
0.0594579 -0.983838 0.168904 -134.335 
-0.0536147 -0.172106 -0.983618 1211.66 
0 0 0 1 
F_OM2
0.995557 0.093646 -0.00983851 300.871 
0.00380025 -0.14436 -0.989518 17.188 
-0.0940847 0.985084 -0.144075 818.573 
0 0 0 1 
F_RN measured
0.997631 0.031947 0.0609171 -6.95097 
0.0616623 -0.0228833 -0.997835 85.6218 
-0.0304839 0.999228 -0.024799 459.924 
0 0 0 1 
F_RN expected
1 -0.000260425 0 -0.0538598 
0.000260425 1 0 392.815 
-0 0 1 0 
0 0 0 1 
expected needle
-0.0662821 440.515 -115
actual needle
-12.4326 199.281 510.439
difference vector
-12.3663 -241.234 625.439
difference magnitude
670.463
-0.0662821, 450.515
F_OM1
0.996799 0.0494333 -0.0628302 362.953 
0.0594145 -0.983911 0.168492 -134.348 
-0.0534902 -0.171685 -0.983699 1211.7 
0 0 0 1 
F_OM2
0.992753 0.118368 -0.0207717 299.9 
-0.00276306 -0.150316 -0.988634 19.7405 
-0.120145 0.981526 -0.148899 809.183 
0 0 0 1 
F_RN measured
0.995837 0.056556 0.0714797 -7.33791 
0.0724207 -0.0147649 -0.997265 86.5178 
-0.055346 0.99829 -0.0187992 469.646 
0 0 0 1 
F_RN expected
1 -0.00025058 0 -0.0543294 
0.00025058 1 0 402.815 
-0 0 1 0 
0 0 0 1 
expected needle
-0.0662821 450.515 -115
actual needle
-12.8604 200.499 519.426
difference vector
-12.7941 -250.016 634.426
difference magnitude
682.033
-0.0662821, 460.515
F_OM1
0.996808 0.0494613 -0.062669 362.959 
0.0593957 -0.983971 0.168147 -134.36 
-0.0533478 -0.171332 -0.983768 1211.74 
0 0 0 1 
F_OM2
0.99243 0.117337 -0.0362489 299.757 
-0.016583 -0.164424 -0.98625 22.6119 
-0.121683 0.979386 -0.161234 799.757 
0 0 0 1 
F_RN measured
0.994769 0.0549479 0.0861108 -7.83936 
0.0862525 -0.000208163 -0.996273 87.476 
-0.0547252 0.998489 -0.00494647 479.334 
0 0 0 1 
F_RN expected
1 -0.000241452 0 -0.0547649 
0.000241452 1 0 412.815 
-0 0 1 0 
0 0 0 1 
expected needle
-0.0662821 460.515 -115
actual needle
-15.1211 202.037 527.53
difference vector
-15.0548 -258.478 642.53
difference magnitude
692.736
-0.0662821, 450.515
F_OM1
0.996762 0.0493022 -0.063513 362.934 
0.0595851 -0.983327 0.171808 -134.259 
-0.0539835 -0.175036 -0.983081 1211.41 
0 0 0 1 
F_OM2
0.992528 0.10014 -0.0697081 301.82 
-0.0569416 -0.125126 -0.990505 19.4501 
-0.107911 0.987074 -0.118489 807.09 
0 0 0 1 
F_RN measured
0.991748 0.0390742 0.122105 -9.35466 
0.123814 -0.0447963 -0.991294 85.1064 
-0.0332641 0.998232 -0.0492645 471.702 
0 0 0 1 
F_RN expected
1 -0.00025058 0 -0.0543294 
0.00025058 1 0 402.815 
-0 0 1 0 
0 0 0 1 
expected needle
-0.0662821 450.515 -115
actual needle
-21.5329 196.968 524.983
difference vector
-21.4667 -253.547 639.983
difference magnitude
688.712
-0.0662821, 440.515
F_OM1
0.996778 0.0493417 -0.0632436 362.94 
0.0595591 -0.983385 0.171485 -134.268 
-0.0537314 -0.174699 -0.983155 1211.46 
0 0 0 1 
F_OM2
0.994124 0.0949551 -0.0519765 302.032 
-0.0408833 -0.115248 -0.992495 16.7524 
-0.100233 0.988788 -0.110688 816.542 
0 0 0 1 
F_RN measured
0.993871 0.0346561 0.104974 -8.56776 
0.106766 -0.0547225 -0.992777 84.5329 
-0.0286614 0.9979 -0.0580872 462.001 
0 0 0 1 
F_RN expected
1 -0.000260425 0 -0.0538598 
0.000260425 1 0 392.815 
-0 0 1 0 
0 0 0 1 
expected needle
-0.0662821 440.515 -115
actual needle
-18.9866 196.092 516.281
difference vector
-18.9204 -244.423 631.281
difference magnitude
677.212
-0.0662821, 435.515
F_OM1
0.996774 0.0493095 -0.0633215 362.941 
0.0595447 -0.983374 0.171552 -134.26 
-0.0538096 -0.174769 -0.983138 1211.43 
0 0 0 1 
F_OM2
0.994537 0.0946478 -0.0440308 301.968 
-0.0332478 -0.112628 -0.993081 15.618 
-0.098952 0.989119 -0.108866 821.455 
0 0 0 1 
F_RN measured
0.994673 0.034412 0.0971634 -8.14896 
0.0990288 -0.0574445 -0.993425 84.3266 
-0.0286042 0.997755 -0.0605463 456.976 
0 0 0 1 
F_RN expected
1 -0.000265644 0 -0.0536109 
0.000265644 1 0 387.815 
-0 0 1 0 
0 0 0 1 
expected needle
-0.0662821 435.515 -115
actual needle
-17.6813 195.83 511.532
difference vector
-17.615 -239.685 626.532
difference magnitude
671.045
-0.0662821, 430.515
F_OM1
0.996791 0.0493182 -0.0630431 362.943 
0.0594988 -0.983395 0.171448 -134.261 
-0.0535408 -0.174649 -0.983174 1211.42 
0 0 0 1 
F_OM2
0.994742 0.0926771 -0.0435848 302.274 
-0.0336347 -0.106337 -0.993761 14.199 
-0.0967336 0.990002 -0.102661 826.071 
0 0 0 1 
F_RN measured
0.994728 0.0330474 0.097076 -7.96782 
0.0990295 -0.0637608 -0.99304 83.9514 
-0.0266277 0.997418 -0.0666973 452.197 
0 0 0 1 
F_RN expected
1 -0.000271076 0 -0.0533518 
0.000271076 1 0 382.815 
-0 0 1 0 
0 0 0 1 
expected needle
-0.0662821 430.515 -115
actual needle
-17.5552 195.11 507.444
difference vector
-17.4889 -235.405 622.444
difference magnitude
665.701
-0.0662821, 420.515
F_OM1
0.996772 0.0493495 -0.0633227 362.938 
0.0595895 -0.983355 0.171647 -134.257 
-0.053798 -0.174866 -0.983121 1211.42 
0 0 0 1 
F_OM2
0.995803 0.0865948 -0.0296284 302.717 
-0.0208389 -0.100698 -0.994699 11.5439 
-0.0891192 0.991141 -0.0984706 835.657 
0 0 0 1 
F_RN measured
0.996141 0.0269933 0.0835089 -7.60727 
0.0852183 -0.0700224 -0.993899 83.0861 
-0.0209811 0.99718 -0.0720525 442.345 
0 0 0 1 
F_RN expected
1 -0.000282635 0 -0.0528004 
0.000282635 1 0 372.815 
-0 0 1 0 
0 0 0 1 
expected needle
-0.0662821 420.515 -115
actual needle
-15.9232 194.044 498.197
difference vector
-15.8569 -226.471 613.197
difference magnitude
653.874
-0.0662821, 410.515
F_OM1
0.996779 0.0493062 -0.0632467 362.937 
0.0595404 -0.983335 0.171774 -134.261 
-0.0537232 -0.174987 -0.983104 1211.41 
0 0 0 1 
F_OM2
0.996395 0.0830034 -0.0175253 303.082 
-0.00955571 -0.0954562 -0.995388 9.03396 
-0.0842935 0.991967 -0.094319 845.341 
0 0 0 1 
F_RN measured
0.997146 0.0237609 0.0716675 -7.10967 
0.0732751 -0.0756228 -0.994441 82.4119 
-0.0182091 0.996853 -0.077148 432.408 
0 0 0 1 
F_RN expected
1 -0.000295223 0 -0.0521999 
0.000295223 1 0 362.815 
-0 0 1 0 
0 0 0 1 
expected needle
-0.0662821 410.515 -115
actual needle
-14.218 193.165 488.829
difference vector
-14.1518 -217.35 603.829
difference magnitude
641.912
-0.0662821, 400.515
F_OM1
0.996781 0.0493405 -0.0631948 362.941 
0.0595403 -0.983415 0.171319 -134.27 
-0.0536937 -0.17453 -0.983187 1211.45 
0 0 0 1 
F_OM2
0.996665 0.0809062 -0.0106036 303.417 
-0.00298238 -0.0937437 -0.995592 6.56399 
-0.0815436 0.992304 -0.0931898 855.041 
0 0 0 1 
F_RN measured
0.997658 0.0217837 0.0648436 -6.66985 
0.0663407 -0.0770055 -0.994821 81.8818 
-0.0166776 0.996793 -0.0782703 422.442 
0 0 0 1 
F_RN expected
1 -0.000308986 0 -0.0515435 
0.000308986 1 0 352.815 
-0 0 1 0 
0 0 0 1 
expected needle
-0.0662821 400.515 -115
actual needle
-13.0878 192.613 478.99
difference vector
-13.0215 -207.902 593.99
difference magnitude
629.458
-0.0662821, 390.515
F_OM1
0.996776 0.0493551 -0.0632641 362.926 
0.0595802 -0.98337 0.171563 -134.26 
-0.0537446 -0.174779 -0.98314 1211.47 
0 0 0 1 
F_OM2
0.996862 0.0790596 -0.00396372 303.822 
0.00326545 -0.0911011 -0.995836 4.09109 
-0.0790915 0.992698 -0.0910734 864.734 
0 0 0 1 
F_RN measured
0.998093 0.0200247 0.0583883 -6.35971 
0.0598126 -0.0800146 -0.994998 81.1023 
-0.0152526 0.996593 -0.0810598 412.52 
0 0 0 1 
F_RN expected
1 -0.000324094 0 -0.0508228 
0.000324094 1 0 342.815 
-0 0 1 0 
0 0 0 1 
expected needle
-0.0662821 390.515 -115
actual needle
-12.1192 191.71 469.38
difference vector
-12.0529 -198.805 584.38
difference magnitude
617.388
-0.0662821, 400.515
F_OM1
0.996791 0.0494219 -0.0629685 362.947 
0.0595083 -0.983649 0.169982 -134.304 
-0.0535381 -0.173184 -0.983433 1211.56 
0 0 0 1 
F_OM2
0.994617 0.102921 0.0120174 302.067 
0.0240959 -0.116933 -0.992847 6.77486 
-0.100779 0.987793 -0.118783 856.829 
0 0 0 1 
F_RN measured
0.998255 0.0427474 0.0407445 -5.64482 
0.0429073 -0.0509624 -0.997778 82.2756 
-0.040576 0.997785 -0.0527077 420.634 
0 0 0 1 
F_RN expected
1 -0.000308986 0 -0.0515435 
0.000308986 1 0 352.815 
-0 0 1 0 
0 0 0 1 
expected needle
-0.0662821 400.515 -115
actual needle
-8.29138 194.589 474.29
difference vector
-8.2251 -205.926 589.29
difference magnitude
624.288
-0.0662821, 410.515
F_OM1
0.99678 0.0494295 -0.063145 362.946 
0.0594854 -0.983843 0.168865 -134.316 
-0.0537778 -0.172077 -0.983614 1211.6 
0 0 0 1 
F_OM2
0.994032 0.109067 0.00213341 301.516 
0.0153724 -0.120689 -0.992571 9.30594 
-0.107999 0.986681 -0.121645 847.333 
0 0 0 1 
F_RN measured
0.997553 0.0484745 0.0503751 -6.05856 
0.0525946 -0.045655 -0.997572 83.4326 
-0.0460569 0.99778 -0.0480928 430.369 
0 0 0 1 
F_RN expected
1 -0.000295223 0 -0.0521999 
0.000295223 1 0 362.815 
-0 0 1 0 
0 0 0 1 
expected needle
-0.0662821 410.515 -115
actual needle
-9.53946 195.976 483.494
difference vector
-9.47318 -214.539 598.494
difference magnitude
635.855
-0.0662821, 420.515
F_OM1
0.996785 0.0494279 -0.0630564 362.951 
0.059475 -0.983823 0.168984 -134.323 
-0.0536837 -0.172191 -0.9836 1211.63 
0 0 0 1 
F_OM2
0.994064 0.108797 0.000301609 301.135 
0.0146511 -0.131118 -0.991258 11.9514 
-0.107806 0.985379 -0.131934 837.715 
0 0 0 1 
F_RN measured
0.997527 0.0477497 0.0515717 -6.29977 
0.0532836 -0.0352993 -0.997955 84.0642 
-0.0458316 0.998235 -0.0377563 440.264 
0 0 0 1 
F_RN expected
1 -0.000282635 0 -0.0528004 
0.000282635 1 0 372.815 
-0 0 1 0 
0 0 0 1 
expected needle
-0.0662821 420.515 -115
actual needle
-9.95286 197.145 492.222
difference vector
-9.88658 -223.37 607.222
difference magnitude
647.078
-0.0662821, 430.515
F_OM1
0.996807 0.0493761 -0.0627479 362.951 
0.0593785 -0.983804 0.16913 -134.323 
-0.0533806 -0.172316 -0.983594 1211.62 
0 0 0 1 
F_OM2
0.993167 0.1163 -0.00965938 300.525 
0.0059775 -0.133358 -0.99105 14.5023 
-0.116548 0.98422 -0.133142 828.131 
0 0 0 1 
F_RN measured
0.996573 0.0554721 0.0613684 -6.49802 
0.063241 -0.0326558 -0.997464 84.8232 
-0.0533273 0.997926 -0.036052 450.159 
0 0 0 1 
F_RN expected
1 -0.000271076 0 -0.0533518 
0.000271076 1 0 382.815 
-0 0 1 0 
0 0 0 1 
expected needle
-0.0662821 430.515 -115
actual needle
-10.9094 197.974 501.906
difference vector
-10.8431 -232.541 616.906
difference magnitude
659.368
-0.0662821, 435.515
F_OM1
0.996793 0.0494064 -0.0629553 362.947 
0.0594391 -0.983816 0.169037 -134.326 
-0.0535849 -0.172236 -0.983597 1211.62 
0 0 0 1 
F_OM2
0.996352 0.0853285 0.00162233 301.172 
0.0139286 -0.143827 -0.989505 16.0896 
-0.0841996 0.985917 -0.14449 823.43 
0 0 0 1 
F_RN measured
0.998496 0.0236755 0.0494557 -6.61428 
0.0500251 -0.0240963 -0.998457 85.3429 
-0.0224473 0.999429 -0.0252444 454.905 
0 0 0 1 
F_RN expected
1 -0.000265644 0 -0.0536109 
0.000265644 1 0 387.815 
-0 0 1 0 
0 0 0 1 
expected needle
-0.0662821 435.515 -115
actual needle
-11.1724 199.016 505.481
difference vector
-11.1061 -236.499 620.481
difference magnitude
664.118
-0.0662821, 440.515
F_OM1
0.996789 0.0494305 -0.0629981 362.953 
0.0594802 -0.983782 0.169217 -134.32 
-0.0536119 -0.172421 -0.983563 1211.62 
0 0 0 1 
F_OM2
0.996289 0.0859223 -0.00501366 301.114 
0.00758976 -0.145731 -0.989295 17.313 
-0.0857332 0.985586 -0.145843 818.526 
0 0 0 1 
F_RN measured
0.998138 0.0241391 0.0560222 -6.95251 
0.0565626 -0.0223204 -0.99815 85.5703 
-0.022844 0.999459 -0.0236442 459.949 
0 0 0 1 
F_RN expected
1 -0.000260425 0 -0.0538598 
0.000260425 1 0 392.815 
-0 0 1 0 
0 0 0 1 
expected needle
-0.0662821 440.515 -115
actual needle
-12.2436 199.293 510.342
difference vector
-12.1773 -241.222 625.342
difference magnitude
670.365
-0.0662821, 450.515
F_OM1
0.996794 0.0494063 -0.0629273 362.947 
0.0594303 -0.983829 0.168964 -134.343 
-0.0535618 -0.172162 -0.983611 1211.67 
0 0 0 1 
F_OM2
0.993033 0.116016 -0.0206296 299.959 
-0.00297963 -0.150292 -0.988637 19.7717 
-0.117798 0.981811 -0.148899 809.151 
0 0 0 1 
F_RN measured
0.995982 0.0541249 0.0713432 -7.36633 
0.072274 -0.0154372 -0.997265 86.3535 
-0.0528755 0.998415 -0.019287 469.691 
0 0 0 1 
F_RN expected
1 -0.00025058 0 -0.0543294 
0.00025058 1 0 402.815 
-0 0 1 0 
0 0 0 1 
expected needle
-0.0662821 450.515 -115
actual needle
-12.989 200.303 519.533
difference vector
-12.9228 -250.212 634.533
difference magnitude
682.207
-0.0662821, 460.515
F_OM1
0.996801 0.0494251 -0.0628012 362.954 
0.0593997 -0.983917 0.168461 -134.35 
-0.053465 -0.171653 -0.983706 1211.69 
0 0 0 1 
F_OM2
0.992643 0.115641 -0.0358777 299.797 
-0.0165472 -0.163969 -0.986327 22.6129 
-0.119943 0.979664 -0.16085 799.726 
0 0 0 1 
F_RN measured
0.994898 0.0531538 0.0857506 -7.87995 
0.0859311 -0.00111389 -0.9963 87.3509 
-0.0528616 0.998586 -0.00567576 479.346 
0 0 0 1 
F_RN expected
1 -0.000241452 0 -0.0547649 
0.000241452 1 0 412.815 
-0 0 1 0 
0 0 0 1 
expected needle
-0.0662821 460.515 -115
actual needle
-15.2058 201.872 527.632
difference vector
-15.1396 -258.643 642.632
difference magnitude
692.893
-0.0662821, 450.515
F_OM1
0.996766 0.0492881 -0.0634727 362.929 
0.0595906 -0.983242 0.172289 -134.256 
-0.0539173 -0.175514 -0.982999 1211.4 
0 0 0 1 
F_OM2
0.992153 0.103217 -0.0705594 301.727 
-0.0574629 -0.124771 -0.99052 19.4465 
-0.111042 0.986802 -0.117861 807.11 
0 0 0 1 
F_RN measured
0.991507 0.0422422 0.123002 -9.33316 
0.124891 -0.0454297 -0.99113 84.9196 
-0.0362796 0.998074 -0.0503195 471.725 
0 0 0 1 
F_RN expected
1 -0.00025058 0 -0.0543294 
0.00025058 1 0 402.815 
-0 0 1 0 
0 0 0 1 
expected needle
-0.0662821 450.515 -115
actual needle
-21.4634 196.733 525.119
difference vector
-21.3972 -253.782 640.119
difference magnitude
688.924
-0.0662821, 440.515
F_OM1
0.996771 0.0493232 -0.063364 362.934 
0.0595821 -0.983319 0.171852 -134.259 
-0.0538307 -0.175073 -0.983083 1211.41 
0 0 0 1 
F_OM2
0.993939 0.0963506 -0.052933 301.988 
-0.0417128 -0.114952 -0.992495 16.7621 
-0.101712 0.988687 -0.110236 816.538 
0 0 0 1 
F_RN measured
0.993719 0.0359686 0.105963 -8.61413 
0.107848 -0.0553053 -0.992628 84.399 
-0.0298431 0.997821 -0.0588371 462.008 
0 0 0 1 
F_RN expected
1 -0.000260425 0 -0.0538598 
0.000260425 1 0 392.815 
-0 0 1 0 
0 0 0 1 
expected needle
-0.0662821 440.515 -115
actual needle
-19.0842 195.913 516.371
difference vector
-19.0179 -244.602 631.371
difference magnitude
677.363
-0.0662821, 435.515
F_OM1
0.996775 0.0492937 -0.0633173 362.934 
0.0595565 -0.983284 0.172065 -134.26 
-0.0537771 -0.175281 -0.983049 1211.41 
0 0 0 1 
F_OM2
0.994318 0.0965735 -0.0447864 301.905 
-0.0338135 -0.112406 -0.993087 15.6194 
-0.10094 0.988958 -0.108501 821.466 
0 0 0 1 
F_RN measured
0.994526 0.0363843 0.0979518 -8.14137 
0.0999548 -0.058059 -0.993297 84.138 
-0.0304534 0.99765 -0.061378 457.002 
0 0 0 1 
F_RN expected
1 -0.000265644 0 -0.0536109 
0.000265644 1 0 387.815 
-0 0 1 0 
0 0 0 1 
expected needle
-0.0662821 435.515 -115
actual needle
-17.6703 195.598 511.648
difference vector
-17.604 -239.917 626.648
difference magnitude
671.236
-0.0662821, 430.515
F_OM1
0.996792 0.049252 -0.0630931 362.937 
0.0594757 -0.983289 0.172062 -134.262 
-0.0535643 -0.175262 -0.983064 1211.42 
0 0 0 1 
F_OM2
0.994559 0.0944848 -0.0438717 302.211 
-0.0337855 -0.105821 -0.993811 14.1956 
-0.0985426 0.989886 -0.102053 826.085 
0 0 0 1 
F_RN measured
0.994637 0.0348653 0.0973721 -7.96939 
0.0994758 -0.0647835 -0.992929 83.7265 
-0.0283107 0.99729 -0.0679043 452.247 
0 0 0 1 
F_RN expected
1 -0.000271076 0 -0.0533518 
0.000271076 1 0 382.815 
-0 0 1 0 
0 0 0 1 
expected needle
-0.0662821 430.515 -115
actual needle
-17.5041 194.823 507.626
difference vector
-17.4378 -235.692 622.626
difference magnitude
665.972
-0.0662821, 420.515
F_OM1
0.996771 0.0493105 -0.0633703 362.935 
0.0595744 -0.983308 0.17192 -134.262 
-0.053835 -0.17514 -0.983071 1211.42 
0 0 0 1 
F_OM2
0.995855 0.0861162 -0.0292607 302.726 
-0.0205296 -0.100581 -0.994717 11.5459 
-0.0886044 0.991195 -0.0983961 835.67 
0 0 0 1 
F_RN measured
0.996187 0.0264851 0.0831288 -7.6144 
0.0848112 -0.0704495 -0.993903 82.9955 
-0.0204673 0.997164 -0.0724271 442.357 
0 0 0 1 
F_RN expected
1 -0.000282635 0 -0.0528004 
0.000282635 1 0 372.815 
-0 0 1 0 
0 0 0 1 
expected needle
-0.0662821 420.515 -115
actual needle
-15.9109 193.934 498.251
difference vector
-15.8446 -226.581 613.251
difference magnitude
653.962
-0.0662821, 410.515
F_OM1
0.996779 0.0492852 -0.0632677 362.934 
0.0595303 -0.983314 0.171899 -134.26 
-0.05374 -0.175112 -0.983081 1211.4 
0 0 0 1 
F_OM2
0.996375 0.0831926 -0.0177857 303.071 
-0.00985581 -0.0947759 -0.99545 9.02857 
-0.0844997 0.992016 -0.0936124 845.352 
0 0 0 1 
F_RN measured
0.99712 0.0239717 0.0719571 -7.11263 
0.0735948 -0.0764192 -0.994356 82.3802 
-0.0183375 0.996788 -0.0779633 432.407 
0 0 0 1 
F_RN expected
1 -0.000295223 0 -0.0521999 
0.000295223 1 0 362.815 
-0 0 1 0 
0 0 0 1 
expected needle
-0.0662821 410.515 -115
actual needle
-14.2442 193.086 488.919
difference vector
-14.178 -217.429 603.919
difference magnitude
642.024
-0.0662821, 400.515
F_OM1
0.996781 0.0493311 -0.0632061 362.941 
0.0595414 -0.983388 0.171472 -134.276 
-0.0536972 -0.174683 -0.983159 1211.46 
0 0 0 1 
F_OM2
0.996711 0.0803651 -0.0104136 303.431 
-0.00286056 -0.0935325 -0.995612 6.56008 
-0.0809865 0.992367 -0.092995 855.052 
0 0 0 1 
F_RN measured
0.997681 0.02125 0.0646666 -6.66937 
0.0661289 -0.0774069 -0.994804 81.8369 
-0.0161339 0.996773 -0.0786326 422.45 
0 0 0 1 
F_RN expected
1 -0.000308986 0 -0.0515435 
0.000308986 1 0 352.815 
-0 0 1 0 
0 0 0 1 
expected needle
-0.0662821 400.515 -115
actual needle
-13.0924 192.547 479.039
difference vector
-13.0261 -207.968 594.039
difference magnitude
629.526
-0.0662821, 390.515
F_OM1
0.996785 0.0493153 -0.0631522 362.934 
0.0595176 -0.983385 0.171496 -134.269 
-0.0536455 -0.174703 -0.983159 1211.44 
0 0 0 1 
F_OM2
0.996797 0.0798792 -0.00385616 303.818 
0.00339924 -0.090495 -0.995891 4.062 
-0.0798999 0.992688 -0.0904767 864.703 
0 0 0 1 
F_RN measured
0.998081 0.020983 0.0582632 -6.32905 
0.0597734 -0.0804953 -0.994961 81.1237 
-0.0161874 0.996534 -0.0815951 412.512 
0 0 0 1 
F_RN expected
1 -0.000324094 0 -0.0508228 
0.000324094 1 0 342.815 
-0 0 1 0 
0 0 0 1 
expected needle
-0.0662821 390.515 -115
actual needle
-12.0284 191.705 469.43
difference vector
-11.9621 -198.81 584.43
difference magnitude
617.436
-0.0662821, 400.515
F_OM1
0.996792 0.0493894 -0.0629799 362.942 
0.0594939 -0.9836 0.170271 -134.301 
-0.0535374 -0.173471 -0.983383 1211.54 
0 0 0 1 
F_OM2
0.994891 0.100029 0.0136263 302.147 
0.0253463 -0.116849 -0.992826 6.77663 
-0.097719 0.988099 -0.118787 856.801 
0 0 0 1 
F_RN measured
0.998439 0.0398558 0.039125 -5.63671 
0.041158 -0.0515342 -0.997823 82.1755 
-0.0377528 0.997876 -0.0530942 420.657 
0 0 0 1 
F_RN expected
1 -0.000308986 0 -0.0515435 
0.000308986 1 0 352.815 
-0 0 1 0 
0 0 0 1 
expected needle
-0.0662821 400.515 -115
actual needle
-8.23496 194.467 474.361
difference vector
-8.16868 -206.048 589.361
difference magnitude
624.395
-0.0662821, 410.515
F_OM1
0.996795 0.0493929 -0.062933 362.942 
0.0594366 -0.98377 0.169304 -134.32 
-0.0535492 -0.172502 -0.983553 1211.61 
0 0 0 1 
F_OM2
0.994141 0.108057 0.00262725 301.541 
0.0157741 -0.120992 -0.992528 9.32196 
-0.106932 0.986755 -0.121987 847.332 
0 0 0 1 
F_RN measured
0.997618 0.0476799 0.0498413 -5.97215 
0.0520314 -0.0458513 -0.997592 83.2881 
-0.0452798 0.99781 -0.0482229 430.405 
0 0 0 1 
F_RN expected
1 -0.000295223 0 -0.0521999 
0.000295223 1 0 362.815 
-0 0 1 0 
0 0 0 1 
expected needle
-0.0662821 410.515 -115
actual needle
-9.42957 195.824 483.546
difference vector
-9.36328 -214.691 598.546
difference magnitude
635.954
-0.0662821, 420.515
F_OM1
0.99679 0.0494015 -0.062996 362.945 
0.0594523 -0.983781 0.169237 -134.33 
-0.0536136 -0.172439 -0.98356 1211.62 
0 0 0 1 
F_OM2
0.99426 0.106994 0.000367746 301.172 
0.0144413 -0.130791 -0.991305 11.9491 
-0.106016 0.98562 -0.131585 837.71 
0 0 0 1 
F_RN measured
0.997611 0.0460324 0.0515141 -6.26362 
0.0531921 -0.0360038 -0.997935 83.9869 
-0.0440827 0.998291 -0.0383663 440.282 
0 0 0 1 
F_RN expected
1 -0.000282635 0 -0.0528004 
0.000282635 1 0 372.815 
-0 0 1 0 
0 0 0 1 
expected needle
-0.0662821 420.515 -115
actual needle
-9.992 197.032 492.312
difference vector
-9.92571 -223.483 607.312
difference magnitude
647.203
-0.0662821, 430.515
F_OM1
0.996813 0.0493673 -0.0626646 362.949 
0.0593567 -0.983801 0.169154 -134.326 
-0.0532988 -0.172334 -0.983595 1211.62 
0 0 0 1 
F_OM2
0.993318 0.115028 -0.00938208 300.558 
0.00610036 -0.133511 -0.991029 14.5143 
-0.115248 0.984349 -0.133321 828.127 
0 0 0 1 
F_RN measured
0.996657 0.0542718 0.0610705 -6.464 
0.0628972 -0.0326103 -0.997487 84.8267 
-0.0521439 0.997994 -0.0359148 450.156 
0 0 0 1 
F_RN expected
1 -0.000271076 0 -0.0533518 
0.000271076 1 0 382.815 
-0 0 1 0 
0 0 0 1 
expected needle
-0.0662821 430.515 -115
actual needle
-10.8984 197.982 501.891
difference vector
-10.8321 -232.533 616.891
difference magnitude
659.35
-0.0662821, 435.515
F_OM1
0.996803 0.0493946 -0.0628031 362.948 
0.059414 -0.983777 0.169272 -134.329 
-0.0534231 -0.172462 -0.983566 1211.64 
0 0 0 1 
F_OM2
0.996359 0.085243 0.00158299 301.169 
0.0138925 -0.144007 -0.989479 16.1073 
-0.0841182 0.985898 -0.144667 823.438 
0 0 0 1 
F_RN measured
0.998493 0.0237446 0.0494825 -6.54681 
0.0500548 -0.0241488 -0.998454 85.2702 
-0.022513 0.999426 -0.0253009 454.929 
0 0 0 1 
F_RN expected
1 -0.000265644 0 -0.0536109 
0.000265644 1 0 387.815 
-0 0 1 0 
0 0 0 1 
expected needle
-0.0662821 435.515 -115
actual needle
-11.1047 198.941 505.511
difference vector
-11.0384 -236.574 620.511
difference magnitude
664.171
-0.0662821, 440.515
F_OM1
0.996791 0.049406 -0.0629765 362.948 
0.059455 -0.983775 0.169267 -134.33 
-0.0535919 -0.172468 -0.983556 1211.62 
0 0 0 1 
F_OM2
0.996254 0.0863015 -0.00549379 301.099 
0.00719842 -0.146071 -0.989248 17.3183 
-0.0861761 0.985503 -0.146145 818.53 
0 0 0 1 
F_RN measured
0.998104 0.024525 0.0564597 -6.94364 
0.0570019 -0.0220026 -0.998132 85.5578 
-0.0232369 0.999457 -0.0233589 459.943 
0 0 0 1 
F_RN expected
1 -0.000260425 0 -0.0538598 
0.000260425 1 0 392.815 
-0 0 1 0 
0 0 0 1 
expected needle
-0.0662821 440.515 -115
actual needle
-12.2667 199.293 510.303
difference vector
-12.2004 -241.222 625.303
difference magnitude
670.329
-0.0662821, 450.515
F_OM1
0.996799 0.0493931 -0.0628645 362.947 
0.0594052 -0.983834 0.168941 -134.351 
-0.0535037 -0.172135 -0.983619 1211.68 
0 0 0 1 
F_OM2
0.993189 0.114787 -0.0200084 299.995 
-0.00257649 -0.150042 -0.988676 19.7683 
-0.116489 0.981994 -0.148724 809.15 
0 0 0 1 
F_RN measured
0.996089 0.0529662 0.0707196 -7.3384 
0.0716434 -0.0157489 -0.997306 86.3756 
-0.0517097 0.998472 -0.019482 469.688 
0 0 0 1 
F_RN expected
1 -0.00025058 0 -0.0543294 
0.00025058 1 0 402.815 
-0 0 1 0 
0 0 0 1 
expected needle
-0.0662821 450.515 -115
actual needle
-12.9447 200.315 519.556
difference vector
-12.8784 -250.2 634.556
difference magnitude
682.222
-0.0662821, 460.515
F_OM1
0.996813 0.0493971 -0.0626371 362.952 
0.0593559 -0.983881 0.168684 -134.363 
-0.0532949 -0.171864 -0.983678 1211.72 
0 0 0 1 
F_OM2
0.992965 0.112981 -0.0354343 299.873 
-0.0165554 -0.163847 -0.986347 22.6114 
-0.117245 0.979995 -0.160824 799.723 
0 0 0 1 
F_RN measured
0.995067 0.0506673 0.0852958 -7.80853 
0.0854882 -0.00163916 -0.996338 87.2736 
-0.050342 0.998714 -0.00596253 479.382 
0 0 0 1 
F_RN expected
1 -0.000241452 0 -0.0547649 
0.000241452 1 0 412.815 
-0 0 1 0 
0 0 0 1 
expected needle
-0.0662821 460.515 -115
actual needle
-15.2007 201.774 527.707
difference vector
-15.1344 -258.741 642.707
difference magnitude
692.999
-0.0662821, 450.515
F_OM1
0.996766 0.0492829 -0.0634703 362.931 
0.0595757 -0.983273 0.172121 -134.268 
-0.053926 -0.175346 -0.983029 1211.41 
0 0 0 1 
F_OM2
0.992417 0.101263 -0.0696701 301.788 
-0.0568478 -0.124414 -0.990601 19.4533 
-0.108979 0.98705 -0.117714 807.108 
0 0 0 1 
F_RN measured
0.991698 0.0402958 0.122113 -9.33556 
0.123915 -0.045752 -0.991238 85.0155 
-0.0343559 0.99814 -0.0503654 471.719 
0 0 0 1 
F_RN expected
1 -0.00025058 0 -0.0543294 
0.00025058 1 0 402.815 
-0 0 1 0 
0 0 0 1 
expected needle
-0.0662821 450.515 -115
actual needle
-21.4564 196.825 525.122
difference vector
-21.3901 -253.69 640.122
difference magnitude
688.892
-0.0662821, 440.515
F_OM1
0.996775 0.0493232 -0.0633029 362.931 
0.0595644 -0.983343 0.171725 -134.267 
-0.0537784 -0.174942 -0.983109 1211.41 
0 0 0 1 
F_OM2
0.994035 0.095364 -0.052921 302.012 
-0.0418386 -0.114678 -0.992521 16.7635 
-0.10072 0.988815 -0.110004 816.537 
0 0 0 1 
F_RN measured
0.993753 0.0350488 0.105953 -8.59132 
0.107791 -0.0555135 -0.992622 84.4696 
-0.0289084 0.997843 -0.0589446 461.989 
0 0 0 1 
F_RN expected
1 -0.000260425 0 -0.0538598 
0.000260425 1 0 392.815 
-0 0 1 0 
0 0 0 1 
expected needle
-0.0662821 440.515 -115
actual needle
-19.1041 195.973 516.364
difference vector
-19.0378 -244.542 631.364
difference magnitude
677.336
-0.0662821, 435.515
F_OM1
0.996778 0.0492825 -0.0632845 362.934 
0.0595285 -0.983321 0.171862 -134.266 
-0.0537592 -0.175075 -0.983086 1211.42 
0 0 0 1 
F_OM2
0.994338 0.0965294 -0.0444234 301.904 
-0.0334909 -0.112062 -0.993137 15.625 
-0.100845 0.989002 -0.108195 821.47 
0 0 0 1 
F_RN measured
0.994562 0.0363796 0.0975838 -8.12608 
0.0995912 -0.0581994 -0.993325 84.2383 
-0.0304575 0.997642 -0.061506 456.991 
0 0 0 1 
F_RN expected
1 -0.000265644 0 -0.0536109 
0.000265644 1 0 387.815 
-0 0 1 0 
0 0 0 1 
expected needle
-0.0662821 435.515 -115
actual needle
-17.6129 195.695 511.652
difference vector
-17.5466 -239.82 626.652
difference magnitude
671.203
-0.0662821, 430.515
F_OM1
0.996801 0.0492668 -0.0629308 362.935 
0.0594583 -0.983301 0.171998 -134.264 
-0.0534061 -0.17519 -0.983085 1211.42 
0 0 0 1 
F_OM2
0.994493 0.0954259 -0.0433296 302.185 
-0.0331887 -0.105404 -0.993875 14.1936 
-0.0994086 0.98984 -0.101657 826.083 
0 0 0 1 
F_RN measured
0.994647 0.0359899 0.0968561 -7.90958 
0.0990454 -0.0650646 -0.992953 83.767 
-0.0294344 0.997232 -0.068281 452.24 
0 0 0 1 
F_RN expected
1 -0.000271076 0 -0.0533518 
0.000271076 1 0 382.815 
-0 0 1 0 
0 0 0 1 
expected needle
-0.0662821 430.515 -115
actual needle
-17.3313 194.853 507.66
difference vector
-17.265 -235.662 622.66
difference magnitude
665.988
-0.0662821, 420.515
F_OM1
0.996767 0.049307 -0.0634398 362.933 
0.0595816 -0.983312 0.171892 -134.267 
-0.0539056 -0.175117 -0.983071 1211.42 
0 0 0 1 
F_OM2
0.995843 0.0861714 -0.0295091 302.719 
-0.0207587 -0.100732 -0.994697 11.5622 
-0.0886869 0.991175 -0.0985249 835.672 
0 0 0 1 
F_RN measured
0.996167 0.026461 0.0833683 -7.63989 
0.0850448 -0.0702708 -0.993896 83.0205 
-0.0204412 0.997177 -0.0722519 442.362 
0 0 0 1 
F_RN expected
1 -0.000282635 0 -0.0528004 
0.000282635 1 0 372.815 
-0 0 1 0 
0 0 0 1 
expected needle
-0.0662821 420.515 -115
actual needle
-15.9651 193.967 498.237
difference vector
-15.8988 -226.548 613.237
difference magnitude
653.939
-0.0662821, 410.515
F_OM1
0.996782 0.049273 -0.0632293 362.93 
0.0595155 -0.983302 0.171973 -134.266 
-0.0536999 -0.175183 -0.98307 1211.4 
0 0 0 1 
F_OM2
0.996446 0.0822559 -0.0181439 303.091 
-0.0103012 -0.0947852 -0.995444 9.04444 
-0.083601 0.992094 -0.093601 845.343 
0 0 0 1 
F_RN measured
0.997116 0.0230747 0.0723036 -7.09701 
0.0738726 -0.0765421 -0.994326 82.3747 
-0.0174095 0.996799 -0.0780259 432.418 
0 0 0 1 
F_RN expected
1 -0.000295223 0 -0.0521999 
0.000295223 1 0 362.815 
-0 0 1 0 
0 0 0 1 
expected needle
-0.0662821 410.515 -115
actual needle
-14.3113 193.071 488.939
difference vector
-14.245 -217.444 603.939
difference magnitude
642.049
-0.0662821, 400.515
F_OM1
0.996778 0.0493237 -0.0632522 362.935 
0.05954 -0.983395 0.171433 -134.278 
-0.0537462 -0.174647 -0.983163 1211.46 
0 0 0 1 
F_OM2
0.996679 0.0806573 -0.0111828 303.417 
-0.00360942 -0.0934365 -0.995619 6.56935 
-0.0813488 0.992353 -0.0928351 855.052 
0 0 0 1 
F_RN measured
0.997625 0.0214991 0.0654363 -6.69075 
0.0669166 -0.0774477 -0.994748 81.8627 
-0.0163183 0.996765 -0.0787024 422.45 
0 0 0 1 
F_RN expected
1 -0.000308986 0 -0.0515435 
0.000308986 1 0 352.815 
-0 0 1 0 
0 0 0 1 
expected needle
-0.0662821 400.515 -115
actual needle
-13.1904 192.564 479.046
difference vector
-13.1241 -207.951 594.046
difference magnitude
629.529
-0.0662821, 390.515
F_OM1
0.996778 0.049286 -0.0632857 362.933 
0.0595062 -0.983405 0.171387 -134.272 
-0.0537885 -0.1746 -0.983169 1211.43 
0 0 0 1 
F_OM2
0.996775 0.0801448 -0.00402001 303.81 
0.00324693 -0.0903366 -0.995906 4.06563 
-0.0801798 0.992681 -0.0903055 864.704 
0 0 0 1 
F_RN measured
0.998069 0.0211161 0.0584122 -6.37534 
0.0599335 -0.080535 -0.994948 81.17 
-0.0163052 0.996528 -0.081645 412.498 
0 0 0 1 
F_RN expected
1 -0.000324094 0 -0.0508228 
0.000324094 1 0 342.815 
-0 0 1 0 
0 0 0 1 
expected needle
-0.0662821 390.515 -115
actual needle
-12.0855 191.748 469.422
difference vector
-12.0192 -198.767 584.422
difference magnitude
617.415
-0.0662821, 400.515
F_OM1
0.996797 0.0493642 -0.0629126 362.943 
0.0594567 -0.983604 0.170259 -134.308 
-0.0534764 -0.173454 -0.983389 1211.55 
0 0 0 1 
F_OM2
0.995274 0.0959608 0.0148705 302.265 
0.0260828 -0.116669 -0.992828 6.77865 
-0.0935377 0.988524 -0.118621 856.798 
0 0 0 1 
F_RN measured
0.998639 0.035854 0.037864 -5.60715 
0.0397002 -0.0519702 -0.997859 82.1935 
-0.0338095 0.998005 -0.0533229 420.66 
0 0 0 1 
F_RN expected
1 -0.000308986 0 -0.0515435 
0.000308986 1 0 352.815 
-0 0 1 0 
0 0 0 1 
expected needle
-0.0662821 400.515 -115
actual needle
-8.25126 194.468 474.397
difference vector
-8.18498 -206.047 589.397
difference magnitude
624.429
-0.0662821, 410.515
F_OM1
0.996802 0.049368 -0.0628317 362.944 
0.0594053 -0.983737 0.169504 -134.326 
-0.0534418 -0.172694 -0.983525 1211.61 
0 0 0 1 
F_OM2
0.994256 0.106992 0.00278749 301.57 
0.0157707 -0.120694 -0.992564 9.31822 
-0.10586 0.986907 -0.121689 847.329 
0 0 0 1 
F_RN measured
0.997671 0.0467377 0.0496817 -5.92857 
0.0518516 -0.0464197 -0.997575 83.2278 
-0.0443182 0.997828 -0.048735 430.426 
0 0 0 1 
F_RN expected
1 -0.000295223 0 -0.0521999 
0.000295223 1 0 362.815 
-0 0 1 0 
0 0 0 1 
expected needle
-0.0662821 410.515 -115
actual needle
-9.41258 195.735 483.627
difference vector
-9.3463 -214.78 598.627
difference magnitude
636.06
-0.0662821, 420.515
F_OM1
0.996782 0.0494051 -0.0631261 362.946 
0.0594681 -0.983812 0.169049 -134.335 
-0.0537524 -0.172259 -0.983584 1211.62 
0 0 0 1 
F_OM2
0.994707 0.10273 0.00194823 301.301 
0.0154477 -0.130776 -0.991292 11.9554 
-0.101581 0.986075 -0.131671 837.691 
0 0 0 1 
F_RN measured
0.997885 0.0416185 0.0499306 -6.31348 
0.0514442 -0.0361255 -0.998022 84.0644 
-0.0397324 0.99848 -0.0381902 440.276 
0 0 0 1 
F_RN expected
1 -0.000282635 0 -0.0528004 
0.000282635 1 0 372.815 
-0 0 1 0 
0 0 0 1 
expected needle
-0.0662821 420.515 -115
actual needle
-10.0703 197.114 492.296
difference vector
-10.004 -223.401 607.296
difference magnitude
647.16
