F_M2N
-1 -1.22463e-16 0 0.00558085 
1.22465e-16 -1 0 28.3789 
-0 0 1 -5.49509 
0 0 0 1 
F_OM home
0.976194 -0.0601768 -0.208383 209.297 
-0.216882 -0.259139 -0.941174 -14.9311 
0.0026368 0.963964 -0.266021 641.746 
0 0 0 1 
F_M1R
-0.99843 -0.049616 -0.0260118 56.9809 
-0.0307941 0.098195 0.994691 -89.5226 
-0.0467983 0.99393 -0.0995687 -355.274 
0 0 0 1 
0, 417.7
F_OM1
0.977176 -0.172358 0.124176 158.779 
-0.204942 -0.918737 0.337522 -66.9569 
0.05591 -0.355267 -0.933091 675.211 
0 0 0 1 
F_OM2
0.968977 -0.0495687 -0.242129 208.968 
-0.246807 -0.245713 -0.937396 -17.9114 
-0.0130287 0.968074 -0.250324 647.593 
0 0 0 1 
F_RN measured
0.999432 0.00613814 0.0331332 -1.16328 
-0.00574668 0.999913 -0.0118973 378.517 
-0.0332034 0.0117001 0.99938 -0.142787 
0 0 0 1 
F_RN expected
1 0 0 0 
0 1 0 370 
0 0 1 0 
0 0 0 1 
expected needle
0 417.7 -115
actual needle
-4.68081 427.581 -114.513
difference vector
-4.68081 9.88083 0.486593
difference magnitude
10.9443
0, 407.7
F_OM1
0.97701 -0.173414 0.124009 157.541 
-0.205741 -0.919381 0.335276 -70.7734 
0.0558696 -0.353081 -0.933923 684.49 
0 0 0 1 
F_OM2
0.969479 -0.0494841 -0.24013 207.685 
-0.244919 -0.240265 -0.939301 -21.8654 
-0.0112145 0.969445 -0.245052 656.63 
0 0 0 1 
F_RN measured
0.999541 0.00525995 0.0298433 -1.05059 
-0.0048131 0.999876 -0.0150251 378.625 
-0.0299186 0.0148746 0.999442 -0.164675 
0 0 0 1 
F_RN expected
1 0 0 0 
0 1 0 360 
0 0 1 0 
0 0 0 1 
expected needle
0 407.7 -115
actual needle
-4.23167 428.047 -114.391
difference vector
-4.23167 20.3465 0.609054
difference magnitude
20.7909
6.37012409, 407.680318
F_OM1
0.9802 -0.172639 0.0969749 153.203 
-0.19575 -0.91865 0.343168 -70.4801 
0.0298416 -0.355356 -0.934254 686.24 
0 0 0 1 
F_OM2
0.973414 -0.0296069 -0.227133 202.019 
-0.227587 -0.237075 -0.944457 -21.1026 
-0.0258852 0.97104 -0.237511 657.154 
0 0 0 1 
F_RN measured
0.999791 -0.00386761 0.0200655 -0.703508 
0.00434744 0.999704 -0.0239246 378.933 
-0.0199671 0.0240069 0.999512 -0.0751035 
0 0 0 1 
F_RN expected
0.999587 0.0287238 0 5 
-0.0287238 0.999587 0 360 
0 -0 1 0 
0 0 0 1 
expected needle
6.37012 407.68 -115
actual needle
-3.19553 429.37 -113.874
difference vector
-9.56565 21.6901 1.1261
difference magnitude
23.7325
12.7368632, 407.621419
F_OM1
0.982525 -0.172956 0.0687814 148.755 
-0.186108 -0.918715 0.34832 -70.0306 
0.00294625 -0.355034 -0.934849 686.968 
0 0 0 1 
F_OM2
0.973761 -0.00140972 -0.227569 196.401 
-0.221008 -0.244319 -0.944174 -20.038 
-0.0542684 0.969694 -0.23822 656.914 
0 0 0 1 
F_RN measured
0.999715 -0.00322483 0.0236727 -0.841812 
0.0037301 0.999766 -0.0213311 378.843 
-0.0235983 0.0214133 0.999492 -0.0441393 
0 0 0 1 
F_RN expected
0.998353 0.0573766 0 10 
-0.0573766 0.998353 0 360 
0 -0 1 0 
0 0 0 1 
expected needle
12.7369 407.621 -115
actual needle
-3.718 428.985 -113.964
difference vector
-16.4549 21.3631 1.03568
difference magnitude
26.9855
25.4468951, 407.387987
F_OM1
0.98485 -0.172892 0.013381 140.032 
-0.166197 -0.919058 0.357368 -69.0178 
-0.049488 -0.354177 -0.933868 688.241 
0 0 0 1 
F_OM2
0.976089 0.0507763 -0.211358 184.896 
-0.191558 -0.258658 -0.946785 -17.5959 
-0.102744 0.964634 -0.242746 656.546 
0 0 0 1 
F_RN measured
0.999897 -0.0047363 0.0135188 -0.509963 
0.00493081 0.999884 -0.0143911 378.574 
-0.0134491 0.0144563 0.999805 -0.111528 
0 0 0 1 
F_RN expected
0.993459 0.114191 0 20 
-0.114191 0.993459 0 360 
0 -0 1 0 
0 0 0 1 
expected needle
25.4469 407.388 -115
actual needle
-2.29055 427.923 -114.4
difference vector
-27.7374 20.5351 0.600458
difference magnitude
34.5169
38.1045599, 407.006448
F_OM1
0.984155 -0.172263 -0.0420042 131.342 
-0.145382 -0.919585 0.365004 -68.0514 
-0.101503 -0.353114 -0.930058 689.64 
0 0 0 1 
F_OM2
0.974032 0.106338 -0.199885 173.348 
-0.166173 -0.263869 -0.950136 -15.4425 
-0.153779 0.958679 -0.239347 656.216 
0 0 0 1 
F_RN measured
0.999949 -0.00432502 0.0090869 -0.371841 
0.00446933 0.999863 -0.0159212 378.535 
-0.0090168 0.015961 0.999832 -0.167338 
0 0 0 1 
F_RN expected
0.98546 0.169907 0 30 
-0.169907 0.98546 0 360 
0 -0 1 0 
0 0 0 1 
expected needle
38.1046 407.006 -115
actual needle
-1.62314 428.059 -114.387
difference vector
-39.7277 21.053 0.613326
difference magnitude
44.9655
25.4468951, 407.387987
F_OM1
0.984916 -0.172733 0.0101543 139.514 
-0.165035 -0.920145 0.3551 -69.0846 
-0.0519941 -0.35142 -0.934773 687.835 
0 0 0 1 
F_OM2
0.979187 0.0562567 -0.195006 183.697 
-0.173 -0.271068 -0.946886 -17.1254 
-0.106129 0.960915 -0.255694 656.495 
0 0 0 1 
F_RN measured
0.999994 0.000572029 -0.00352637 0.104608 
-0.000571324 1 0.00020088 378.081 
0.00352649 -0.000198864 0.999994 -0.276836 
0 0 0 1 
F_RN expected
0.993459 0.114191 0 20 
-0.114191 0.993459 0 360 
0 -0 1 0 
0 0 0 1 
expected needle
25.4469 407.388 -115
actual needle
0.537427 425.758 -115.286
difference vector
-24.9095 18.3696 -0.285604
difference magnitude
30.9517
12.7368632, 407.621419
F_OM1
0.98273 -0.172961 0.0657697 148.296 
-0.185042 -0.920086 0.345254 -70.1733 
0.000798152 -0.351462 -0.936202 686.412 
0 0 0 1 
F_OM2
0.977865 0.00220004 -0.209226 195.281 
-0.20139 -0.261389 -0.94399 -19.5017 
-0.0567662 0.965231 -0.25516 656.842 
0 0 0 1 
F_RN measured
0.999985 0.00166166 0.00518422 -0.182489 
-0.00165654 0.999998 -0.000992078 378.157 
-0.00518586 0.000983476 0.999986 -0.25112 
0 0 0 1 
F_RN expected
0.998353 0.0573766 0 10 
-0.0573766 0.998353 0 360 
0 -0 1 0 
0 0 0 1 
expected needle
12.7369 407.621 -115
actual needle
-0.699413 425.971 -115.203
difference vector
-13.4363 18.3494 -0.202606
difference magnitude
22.7437
6.37012409, 407.680318
F_OM1
0.980416 -0.172794 0.0944833 152.85 
-0.194932 -0.919767 0.340633 -70.4828 
0.0280434 -0.352379 -0.935437 685.49 
0 0 0 1 
F_OM2
0.978294 -0.0285615 -0.205244 200.954 
-0.205529 -0.260089 -0.943457 -20.3885 
-0.0264352 0.965162 -0.260314 657.116 
0 0 0 1 
F_RN measured
0.999999 0.000207078 -0.0015111 0.0754769 
-0.000203671 0.999997 0.00225437 378.028 
0.00151156 -0.00225406 0.999996 -0.175159 
0 0 0 1 
F_RN expected
0.999587 0.0287238 0 5 
-0.0287238 0.999587 0 360 
0 -0 1 0 
0 0 0 1 
expected needle
6.37012 407.68 -115
actual needle
0.259131 425.469 -115.282
difference vector
-6.11099 17.7883 -0.282254
difference magnitude
18.8108
0, 407.7
F_OM1
0.977192 -0.173378 0.122619 157.329 
-0.205197 -0.919602 0.335003 -70.9924 
0.0546785 -0.352524 -0.934204 684.686 
0 0 0 1 
F_OM2
0.975132 -0.0547313 -0.214761 206.813 
-0.221598 -0.256197 -0.940881 -21.5954 
-0.00352555 0.965074 -0.261954 657.384 
0 0 0 1 
F_RN measured
0.999985 0.00232296 0.00496828 -0.144541 
-0.0023379 0.999993 0.00300415 377.989 
-0.00496127 -0.00301572 0.999983 -0.145656 
0 0 0 1 
F_RN expected
1 0 0 0 
0 1 0 360 
0 0 1 0 
0 0 0 1 
expected needle
0 407.7 -115
actual needle
-0.605088 425.343 -115.288
difference vector
-0.605088 17.6434 -0.287567
difference magnitude
17.6561
-6.37012409, 407.680318
F_OM1
0.973304 -0.173213 0.150586 161.822 
-0.214605 -0.919448 0.329486 -71.4556 
0.0813847 -0.353006 -0.932075 684.012 
0 0 0 1 
F_OM2
0.973138 -0.0842722 -0.214245 212.442 
-0.228751 -0.248877 -0.941134 -22.7111 
0.0259908 0.964862 -0.261469 657.762 
0 0 0 1 
F_RN measured
0.999998 0.000323698 0.00177358 -0.0180655 
-0.000325496 0.999999 0.00101366 378.038 
-0.00177325 -0.00101424 0.999998 -0.143393 
0 0 0 1 
F_RN expected
0.999587 -0.0287238 0 -5 
0.0287238 0.999587 0 360 
-0 0 1 0 
0 0 0 1 
expected needle
-6.37012 407.68 -115
actual needle
-0.206587 425.621 -115.192
difference vector
6.16354 17.9408 -0.191532
difference magnitude
18.971
-12.7368632, 407.621419
F_OM1
0.968551 -0.173384 0.178459 166.361 
-0.224157 -0.919338 0.323376 -71.9914 
0.107996 -0.353209 -0.92929 683.253 
0 0 0 1 
F_OM2
0.968796 -0.109914 -0.222155 218.24 
-0.242818 -0.241052 -0.939645 -23.9823 
0.0497296 0.964268 -0.26022 658.043 
0 0 0 1 
F_RN measured
0.999975 0.00205343 0.006732 -0.192637 
-0.00204126 0.999996 -0.0018139 378.117 
-0.0067357 0.00180012 0.999976 -0.139857 
0 0 0 1 
F_RN expected
0.998353 -0.0573766 0 -10 
0.0573766 0.998353 0 360 
-0 0 1 0 
0 0 0 1 
expected needle
-12.7369 407.621 -115
actual needle
-0.868869 426.026 -115.051
difference vector
11.868 18.4044 -0.0511966
difference magnitude
21.8992
-25.4468951, 407.387987
F_OM1
0.957011 -0.172102 0.233477 175.475 
-0.241375 -0.918894 0.312046 -73.14 
0.160837 -0.354987 -0.920932 681.808 
0 0 0 1 
F_OM2
0.959505 -0.164707 -0.228519 229.6 
-0.262503 -0.228543 -0.937475 -26.3028 
0.102183 0.9595 -0.262525 658.967 
0 0 0 1 
F_RN measured
0.999959 0.00214093 0.0088457 -0.264677 
-0.00210412 0.999989 -0.00416897 378.203 
-0.00885453 0.00415018 0.999952 -0.232903 
0 0 0 1 
F_RN expected
0.993459 -0.114191 0 -20 
0.114191 0.993459 0 360 
-0 0 1 0 
0 0 0 1 
expected needle
-25.4469 407.388 -115
actual needle
-1.17981 426.382 -115.029
difference vector
24.2671 18.9937 -0.0294406
difference magnitude
30.8164
-38.1045599, 407.006448
F_OM1
0.942231 -0.170889 0.288093 184.797 
-0.258382 -0.918136 0.300442 -74.0737 
0.213166 -0.357524 -0.909251 680.208 
0 0 0 1 
F_OM2
0.946705 -0.217215 -0.23784 241.053 
-0.283918 -0.214016 -0.934659 -28.5875 
0.152121 0.952373 -0.264281 659.788 
0 0 0 1 
F_RN measured
0.999903 0.00380643 0.0133916 -0.431533 
-0.00368736 0.999954 -0.00890492 378.393 
-0.0134249 0.00885468 0.999871 -0.21488 
0 0 0 1 
F_RN expected
0.98546 -0.169907 0 -30 
0.169907 0.98546 0 360 
-0 0 1 0 
0 0 0 1 
expected needle
-38.1046 407.006 -115
actual needle
-1.79 427.115 -114.778
difference vector
36.3146 20.1088 0.222361
difference magnitude
41.5109
-25.4468951, 407.387987
F_OM1
0.95568 -0.172676 0.238449 176.264 
-0.243756 -0.918296 0.311954 -72.8798 
0.1651 -0.356252 -0.919688 681.586 
0 0 0 1 
F_OM2
0.950137 -0.167788 -0.262842 231.539 
-0.294256 -0.203446 -0.933822 -27.0631 
0.10321 0.964602 -0.242674 658.202 
0 0 0 1 
F_RN measured
0.99923 -0.00187647 0.0391885 -1.35507 
0.00304177 0.999554 -0.0296972 379.088 
-0.0391153 0.0297936 0.99879 -0.0959804 
0 0 0 1 
F_RN expected
0.993459 -0.114191 0 -20 
0.114191 0.993459 0 360 
-0 0 1 0 
0 0 0 1 
expected needle
-25.4469 407.388 -115
actual needle
-5.95125 430.182 -113.536
difference vector
19.4956 22.7939 1.46427
difference magnitude
30.0297
-12.7368632, 407.621419
F_OM1
0.967671 -0.173283 0.183263 167.094 
-0.225838 -0.91881 0.323706 -71.9244 
0.112291 -0.354629 -0.92824 683.282 
0 0 0 1 
F_OM2
0.962474 -0.116364 -0.24516 219.897 
-0.265674 -0.219853 -0.93866 -24.6496 
0.0553272 0.968568 -0.242518 657.633 
0 0 0 1 
F_RN measured
0.999607 -0.00440019 0.0276713 -0.948778 
0.00503751 0.999723 -0.0230045 378.85 
-0.0275624 0.0231348 0.999352 -0.0863764 
0 0 0 1 
F_RN expected
0.998353 -0.0573766 0 -10 
0.0573766 0.998353 0 360 
-0 0 1 0 
0 0 0 1 
expected needle
-12.7369 407.621 -115
actual needle
-4.34086 429.183 -113.908
difference vector
8.396 21.5613 1.09164
difference magnitude
23.164
-6.37012409, 407.680318
F_OM1
0.972831 -0.172693 0.154198 162.36 
-0.215626 -0.918347 0.331881 -71.3675 
0.0842937 -0.356113 -0.930633 684.366 
0 0 0 1 
F_OM2
0.967506 -0.0877121 -0.237147 213.788 
-0.251323 -0.230741 -0.939998 -23.2762 
0.0277297 0.969054 -0.245287 657.691 
0 0 0 1 
F_RN measured
0.999711 -0.00401873 0.0237104 -0.805509 
0.00448751 0.999795 -0.0197513 378.758 
-0.0236262 0.0198519 0.999524 -0.0394221 
0 0 0 1 
F_RN expected
0.999587 -0.0287238 0 -5 
0.0287238 0.999587 0 360 
-0 0 1 0 
0 0 0 1 
expected needle
-6.37012 407.68 -115
actual needle
-3.7239 428.719 -114.038
difference vector
2.64623 21.0389 0.962286
difference magnitude
21.2265
0, 407.7
F_OM1
0.977005 -0.172914 0.12475 157.626 
-0.205687 -0.918466 0.337807 -70.9352 
0.0561671 -0.355698 -0.932912 685.306 
0 0 0 1 
F_OM2
0.968174 -0.0554119 -0.244066 208.006 
-0.250234 -0.232312 -0.939901 -22.3413 
-0.00461782 0.971062 -0.238785 657.272 
0 0 0 1 
F_RN measured
0.999426 -0.00205006 0.0338075 -1.16799 
0.00287158 0.999701 -0.0242694 378.927 
-0.0337476 0.0243526 0.999134 -0.011156 
0 0 0 1 
F_RN expected
1 0 0 0 
0 1 0 360 
0 0 1 0 
0 0 0 1 
expected needle
0 407.7 -115
actual needle
-5.15364 429.404 -113.75
difference vector
-5.15364 21.7041 1.25009
difference magnitude
22.3426
6.37012409, 407.680318
F_OM1
0.980206 -0.17257 0.0970308 153.204 
-0.195717 -0.918517 0.343541 -70.4504 
0.0298394 -0.355732 -0.934112 686.251 
0 0 0 1 
F_OM2
0.973293 -0.0297466 -0.227629 202.023 
-0.22808 -0.237878 -0.944136 -21.1148 
-0.0260632 0.970839 -0.23831 657.201 
0 0 0 1 
F_RN measured
0.999779 -0.00385263 0.0206498 -0.720989 
0.00433744 0.999715 -0.0234848 378.905 
-0.0205534 0.0235691 0.999511 -0.0136933 
0 0 0 1 
F_RN expected
0.999587 0.0287238 0 5 
-0.0287238 0.999587 0 360 
0 -0 1 0 
0 0 0 1 
expected needle
6.37012 407.68 -115
actual needle
-3.27948 429.292 -113.833
difference vector
-9.64961 21.612 1.1668
difference magnitude
23.6972
12.7368632, 407.621419
F_OM1
0.98253 -0.172903 0.068847 148.762 
-0.186082 -0.918644 0.348522 -70.0143 
0.0029855 -0.355244 -0.934769 686.956 
0 0 0 1 
F_OM2
0.973786 -0.00142207 -0.227463 196.396 
-0.220892 -0.244622 -0.944122 -20.043 
-0.0542998 0.969618 -0.238523 656.917 
0 0 0 1 
F_RN measured
0.999716 -0.00314705 0.0236106 -0.836295 
0.00364905 0.999768 -0.0212489 378.833 
-0.0235382 0.0213291 0.999495 -0.011916 
0 0 0 1 
F_RN expected
0.998353 0.0573766 0 10 
-0.0573766 0.998353 0 360 
0 -0 1 0 
0 0 0 1 
expected needle
12.7369 407.621 -115
actual needle
-3.70163 428.966 -113.936
difference vector
-16.4385 21.3446 1.06351
difference magnitude
26.9619
25.4468951, 407.387987
F_OM1
0.984846 -0.172931 0.0131577 139.994 
-0.16615 -0.919024 0.357476 -69.0155 
-0.0497265 -0.354245 -0.93383 688.27 
0 0 0 1 
F_OM2
0.975917 0.0512038 -0.212046 184.859 
-0.192132 -0.258548 -0.946699 -17.6017 
-0.103299 0.964641 -0.242483 656.558 
0 0 0 1 
F_RN measured
0.999888 -0.00458291 0.0142245 -0.5315 
0.00479128 0.999881 -0.0146494 378.582 
-0.0141557 0.0147159 0.999792 -0.104785 
0 0 0 1 
F_RN expected
0.993459 0.114191 0 20 
-0.114191 0.993459 0 360 
0 -0 1 0 
0 0 0 1 
expected needle
25.4469 407.388 -115
actual needle
-2.38592 427.961 -114.379
difference vector
-27.8328 20.5734 0.62114
difference magnitude
34.6167
38.1045599, 407.006448
F_OM1
0.984138 -0.172316 -0.0421868 131.318 
-0.145362 -0.919567 0.365056 -68.0474 
-0.101699 -0.353133 -0.930029 689.665 
0 0 0 1 
F_OM2
0.973911 0.106634 -0.200317 173.325 
-0.166583 -0.263499 -0.950168 -15.4496 
-0.154103 0.958748 -0.238861 656.218 
0 0 0 1 
F_RN measured
0.999945 -0.00430075 0.00955004 -0.388434 
0.00445669 0.999856 -0.0163676 378.551 
-0.00947827 0.0164093 0.99982 -0.163963 
0 0 0 1 
F_RN expected
0.98546 0.169907 0 30 
-0.169907 0.98546 0 360 
0 -0 1 0 
0 0 0 1 
expected needle
38.1046 407.006 -115
actual needle
-1.69183 428.126 -114.361
difference vector
-39.7964 21.1195 0.639408
difference magnitude
45.0577
25.4468951, 407.387987
F_OM1
0.984932 -0.172628 0.0103926 139.539 
-0.165019 -0.920141 0.35512 -69.0701 
-0.0517411 -0.351484 -0.934763 687.78 
0 0 0 1 
F_OM2
0.979244 0.0558433 -0.194843 183.732 
-0.172786 -0.272539 -0.946503 -17.0814 
-0.105958 0.960523 -0.257233 656.508 
0 0 0 1 
F_RN measured
0.999993 0.000707311 -0.00369619 0.109732 
-0.000700993 0.999998 0.00171056 378.027 
0.00369739 -0.00170796 0.999992 -0.275376 
0 0 0 1 
F_RN expected
0.993459 0.114191 0 20 
-0.114191 0.993459 0 360 
0 -0 1 0 
0 0 0 1 
expected needle
25.4469 407.388 -115
actual needle
0.568533 425.53 -115.356
difference vector
-24.8784 18.1418 -0.355892
difference magnitude
30.7926
12.7368632, 407.621419
F_OM1
0.982739 -0.17288 0.0658567 148.299 
-0.184997 -0.92007 0.345323 -70.1729 
0.000893272 -0.351545 -0.93617 686.396 
0 0 0 1 
F_OM2
0.977851 0.00226404 -0.209289 195.284 
-0.201393 -0.262082 -0.943798 -19.4823 
-0.0569875 0.965043 -0.255821 656.855 
0 0 0 1 
F_RN measured
0.999984 0.00194866 0.00532107 -0.186116 
-0.00194661 0.999998 -0.000391715 378.138 
-0.00532182 0.000381351 0.999986 -0.252863 
0 0 0 1 
F_RN expected
0.998353 0.0573766 0 10 
-0.0573766 0.998353 0 360 
0 -0 1 0 
0 0 0 1 
expected needle
12.7369 407.621 -115
actual needle
-0.705088 425.883 -115.233
difference vector
-13.442 18.2614 -0.233035
difference magnitude
22.6764
6.37012409, 407.680318
F_OM1
0.980432 -0.172734 0.0944216 152.837 
-0.194853 -0.919796 0.340599 -70.481 
0.0280155 -0.352333 -0.935455 685.497 
0 0 0 1 
F_OM2
0.978177 -0.0284829 -0.205812 200.955 
-0.206057 -0.260056 -0.943351 -20.3843 
-0.0266533 0.965173 -0.26025 657.124 
0 0 0 1 
F_RN measured
1 0.000230221 -0.000864219 0.052698 
-0.000228271 0.999997 0.00225668 378.023 
0.000864736 -0.00225648 0.999997 -0.180397 
0 0 0 1 
F_RN expected
0.999587 0.0287238 0 5 
-0.0287238 0.999587 0 360 
0 -0 1 0 
0 0 0 1 
expected needle
6.37012 407.68 -115
actual needle
0.163065 425.464 -115.288
difference vector
-6.20706 17.7833 -0.287695
difference magnitude
18.8377
0, 407.7
F_OM1
0.97722 -0.173294 0.122515 157.302 
-0.205082 -0.919615 0.335037 -71.0007 
0.0546064 -0.352531 -0.934206 684.713 
0 0 0 1 
F_OM2
0.975053 -0.0545003 -0.215179 206.793 
-0.221941 -0.255865 -0.940891 -21.6041 
-0.00377785 0.965175 -0.261578 657.398 
0 0 0 1 
F_RN measured
0.999982 0.00237555 0.00546883 -0.163951 
-0.00238985 0.999994 0.00260965 378.001 
-0.0054626 -0.00262267 0.999982 -0.150566 
0 0 0 1 
F_RN expected
1 0 0 0 
0 1 0 360 
0 0 1 0 
0 0 0 1 
expected needle
0 407.7 -115
actual needle
-0.679552 425.4 -115.274
difference vector
-0.679552 17.7005 -0.273556
difference magnitude
17.7156
-6.37012409, 407.680318
F_OM1
0.973325 -0.173141 0.150536 161.81 
-0.214528 -0.919427 0.329593 -71.4499 
0.0813408 -0.353095 -0.932045 683.998 
0 0 0 1 
F_OM2
0.973115 -0.0842501 -0.214356 212.431 
-0.228871 -0.249549 -0.940927 -22.6845 
0.025781 0.96469 -0.262122 657.772 
0 0 0 1 
F_RN measured
0.999998 0.000427406 0.00201595 -0.0265438 
-0.000430614 0.999999 0.00159101 378.019 
-0.00201527 -0.00159187 0.999997 -0.146821 
0 0 0 1 
F_RN expected
0.999587 -0.0287238 0 -5 
0.0287238 0.999587 0 360 
-0 0 1 0 
0 0 0 1 
expected needle
-6.37012 407.68 -115
actual needle
-0.237991 425.536 -115.222
difference vector
6.13213 17.8553 -0.222374
difference magnitude
18.8802
-12.7368632, 407.621419
F_OM1
0.968613 -0.173319 0.178182 166.317 
-0.224015 -0.919313 0.323545 -71.9812 
0.107729 -0.353305 -0.929285 683.228 
0 0 0 1 
F_OM2
0.968612 -0.109356 -0.223231 218.212 
-0.243795 -0.242604 -0.938993 -23.9401 
0.0485274 0.963942 -0.26165 658.058 
0 0 0 1 
F_RN measured
0.999964 0.0026439 0.00808915 -0.243155 
-0.00263999 0.999996 -0.000493848 378.074 
-0.00809042 0.000472475 0.999967 -0.13892 
0 0 0 1 
F_RN expected
0.998353 -0.0573766 0 -10 
0.0573766 0.998353 0 360 
-0 0 1 0 
0 0 0 1 
expected needle
-12.7369 407.621 -115
actual needle
-1.04729 425.831 -115.113
difference vector
11.6896 18.2094 -0.112606
difference magnitude
21.6389
-25.4468951, 407.387987
F_OM1
0.95706 -0.172052 0.233311 175.453 
-0.241258 -0.918939 0.312003 -73.1466 
0.160718 -0.354894 -0.920989 681.802 
0 0 0 1 
F_OM2
0.959181 -0.163825 -0.230508 229.615 
-0.264162 -0.228075 -0.937123 -26.3186 
0.100951 0.959762 -0.262041 658.938 
0 0 0 1 
F_RN measured
0.999937 0.00275098 0.010881 -0.339859 
-0.00269902 0.999985 -0.00478731 378.222 
-0.010894 0.00475764 0.999929 -0.244471 
0 0 0 1 
F_RN expected
0.993459 -0.114191 0 -20 
0.114191 0.993459 0 360 
-0 0 1 0 
0 0 0 1 
expected needle
-25.4469 407.388 -115
actual needle
-1.45995 426.472 -115.009
difference vector
23.9869 19.0839 -0.00940609
difference magnitude
30.6524
-38.1045599, 407.006448
F_OM1
0.942271 -0.170852 0.287986 184.77 
-0.258313 -0.918141 0.300484 -74.0665 
0.213074 -0.357528 -0.909271 680.196 
0 0 0 1 
F_OM2
0.946848 -0.216127 -0.238259 241.014 
-0.284226 -0.215232 -0.934286 -28.5551 
0.150644 0.952347 -0.265221 659.799 
0 0 0 1 
F_RN measured
0.999888 0.00505452 0.0140893 -0.462123 
-0.00494173 0.999956 -0.0080288 378.366 
-0.0141292 0.00795828 0.999869 -0.214153 
0 0 0 1 
F_RN expected
0.98546 -0.169907 0 -30 
0.169907 0.98546 0 360 
-0 0 1 0 
0 0 0 1 
expected needle
-38.1046 407.006 -115
actual needle
-1.84129 426.987 -114.819
difference vector
36.2633 19.9804 0.180578
difference magnitude
41.4038
-25.4468951, 407.387987
F_OM1
0.955694 -0.172592 0.238456 176.254 
-0.243695 -0.918279 0.312051 -72.8787 
0.165112 -0.356336 -0.919654 681.589 
0 0 0 1 
F_OM2
0.950087 -0.167466 -0.26323 231.531 
-0.294541 -0.203298 -0.933764 -27.062 
0.102859 0.964689 -0.242476 658.198 
0 0 0 1 
F_RN measured
0.999213 -0.00160084 0.0396215 -1.37 
0.00279252 0.999545 -0.0300396 379.102 
-0.0395553 0.0301266 0.998763 -0.0968835 
0 0 0 1 
F_RN expected
0.993459 -0.114191 0 -20 
0.114191 0.993459 0 360 
-0 0 1 0 
0 0 0 1 
expected needle
-25.4469 407.388 -115
actual needle
-6.00282 430.235 -113.518
difference vector
19.4441 22.8465 1.4824
difference magnitude
30.0372
-12.7368632, 407.621419
F_OM1
0.967667 -0.173223 0.18334 167.095 
-0.225809 -0.918817 0.323707 -71.9315 
0.112383 -0.354641 -0.928224 683.279 
0 0 0 1 
F_OM2
0.962505 -0.116487 -0.244981 219.897 
-0.26553 -0.219857 -0.938699 -24.6531 
0.0554853 0.968552 -0.242544 657.633 
0 0 0 1 
F_RN measured
0.999611 -0.0044367 0.0275399 -0.944175 
0.00507057 0.999723 -0.0229895 378.852 
-0.0274303 0.0231202 0.999356 -0.0872501 
0 0 0 1 
F_RN expected
0.998353 -0.0573766 0 -10 
0.0573766 0.998353 0 360 
-0 0 1 0 
0 0 0 1 
expected needle
-12.7369 407.621 -115
actual needle
-4.3229 429.182 -113.91
difference vector
8.41396 21.561 1.08961
difference magnitude
23.1702
-6.37012409, 407.680318
F_OM1
0.972834 -0.172729 0.154142 162.357 
-0.215638 -0.91835 0.331863 -71.3644 
0.0842342 -0.356086 -0.930649 684.364 
0 0 0 1 
F_OM2
0.967491 -0.0877887 -0.23718 213.788 
-0.251376 -0.230796 -0.93997 -23.2713 
0.0277784 0.969034 -0.245361 657.689 
0 0 0 1 
F_RN measured
0.99971 -0.00413567 0.0237245 -0.80596 
0.00460219 0.999796 -0.0196434 378.755 
-0.0236384 0.0197469 0.999526 -0.0410051 
0 0 0 1 
F_RN expected
0.999587 -0.0287238 0 -5 
0.0287238 0.999587 0 360 
-0 0 1 0 
0 0 0 1 
expected needle
-6.37012 407.68 -115
actual needle
-3.73155 428.704 -114.045
difference vector
2.63858 21.0238 0.955485
difference magnitude
21.2103
0, 407.7
F_OM1
0.977004 -0.172911 0.124759 157.621 
-0.205689 -0.918458 0.337828 -70.9403 
0.0561719 -0.35572 -0.932903 685.307 
0 0 0 1 
F_OM2
0.968132 -0.0555194 -0.24421 208.007 
-0.2504 -0.232273 -0.939866 -22.3428 
-0.00454254 0.971065 -0.238773 657.272 
0 0 0 1 
F_RN measured
0.999421 -0.00215912 0.0339563 -1.17044 
0.0029855 0.9997 -0.0243047 378.933 
-0.0338937 0.024392 0.999128 -0.0151624 
0 0 0 1 
F_RN expected
1 0 0 0 
0 1 0 360 
0 0 1 0 
0 0 0 1 
expected needle
0 407.7 -115
actual needle
-5.17841 429.413 -113.751
difference vector
-5.17841 21.7135 1.24865
difference magnitude
22.3573
6.37012409, 407.680318
F_OM1
0.980202 -0.172573 0.0970747 153.194 
-0.195735 -0.918517 0.343531 -70.4547 
0.0298806 -0.355731 -0.934111 686.256 
0 0 0 1 
F_OM2
0.973233 -0.0297735 -0.227883 202.019 
-0.228331 -0.237937 -0.944061 -21.1136 
-0.0261139 0.970824 -0.238367 657.206 
0 0 0 1 
F_RN measured
0.999774 -0.00382187 0.020904 -0.7264 
0.00431132 0.999716 -0.0234193 378.908 
-0.0208086 0.0235042 0.999507 -0.018834 
0 0 0 1 
F_RN expected
0.999587 0.0287238 0 5 
-0.0287238 0.999587 0 360 
0 -0 1 0 
0 0 0 1 
expected needle
6.37012 407.68 -115
actual needle
-3.31266 429.287 -113.841
difference vector
-9.68279 21.6071 1.15899
difference magnitude
23.7059
12.7368632, 407.621419
F_OM1
0.982536 -0.172886 0.0687983 148.745 
-0.186049 -0.918637 0.348558 -70.0212 
0.00293977 -0.355271 -0.934759 686.969 
0 0 0 1 
F_OM2
0.973727 -0.00141451 -0.227715 196.386 
-0.221132 -0.244648 -0.944059 -20.0457 
-0.0543747 0.969611 -0.238533 656.925 
0 0 0 1 
F_RN measured
0.999709 -0.00318706 0.0238915 -0.846086 
0.00369502 0.999767 -0.0212476 378.838 
-0.0238182 0.0213297 0.999489 -0.0141344 
0 0 0 1 
F_RN expected
0.998353 0.0573766 0 10 
-0.0573766 0.998353 0 360 
0 -0 1 0 
0 0 0 1 
expected needle
12.7369 407.621 -115
actual needle
-3.74563 428.971 -113.938
difference vector
-16.4825 21.3492 1.06209
difference magnitude
26.9924
25.4468951, 407.387987
F_OM1
0.984854 -0.172891 0.0130731 139.968 
-0.166074 -0.918977 0.357632 -69.0234 
-0.0498174 -0.354386 -0.933771 688.305 
0 0 0 1 
F_OM2
0.975786 0.0516201 -0.21255 184.833 
-0.192603 -0.257777 -0.946813 -17.6257 
-0.103665 0.964824 -0.241593 656.56 
0 0 0 1 
F_RN measured
0.99988 -0.00444199 0.014849 -0.55283 
0.00467436 0.999867 -0.015651 378.619 
-0.0147775 0.0157185 0.999767 -0.100904 
0 0 0 1 
F_RN expected
0.993459 0.114191 0 20 
-0.114191 0.993459 0 360 
0 -0 1 0 
0 0 0 1 
expected needle
25.4469 407.388 -115
actual needle
-2.47234 428.113 -114.324
difference vector
-27.9192 20.7246 0.675635
difference magnitude
34.7771
38.1045599, 407.006448
F_OM1
0.984137 -0.172315 -0.0422071 131.303 
-0.145348 -0.919551 0.365104 -68.0422 
-0.101724 -0.353177 -0.93001 689.679 
0 0 0 1 
F_OM2
0.973809 0.106736 -0.200758 173.317 
-0.167002 -0.263414 -0.950118 -15.4494 
-0.154294 0.95876 -0.23869 656.227 
0 0 0 1 
F_RN measured
0.999941 -0.00424557 0.0100233 -0.403418 
0.00441075 0.999854 -0.0165155 378.556 
-0.00995168 0.0165587 0.999813 -0.161308 
0 0 0 1 
F_RN expected
0.98546 0.169907 0 30 
-0.169907 0.98546 0 360 
0 -0 1 0 
0 0 0 1 
expected needle
38.1046 407.006 -115
actual needle
-1.75861 428.148 -114.35
difference vector
-39.8632 21.1414 0.650005
difference magnitude
45.1271
25.4468951, 407.387987
F_OM1
0.98494 -0.17258 0.0104662 139.548 
-0.165004 -0.920174 0.35504 -69.0654 
-0.0516421 -0.35142 -0.934792 687.765 
0 0 0 1 
F_OM2
0.979295 0.0556506 -0.194641 183.742 
-0.172594 -0.272964 -0.946415 -17.0647 
-0.105799 0.960413 -0.257707 656.513 
0 0 0 1 
F_RN measured
0.999992 0.000698688 -0.00389069 0.117355 
-0.00068994 0.999997 0.00224923 378.007 
0.00389225 -0.00224653 0.99999 -0.278181 
0 0 0 1 
F_RN expected
0.993459 0.114191 0 20 
-0.114191 0.993459 0 360 
0 -0 1 0 
0 0 0 1 
expected needle
25.4469 407.388 -115
actual needle
0.598112 425.448 -115.384
difference vector
-24.8488 18.0603 -0.384179
difference magnitude
30.7211
12.7368632, 407.621419
F_OM1
0.982754 -0.172731 0.0660193 148.322 
-0.184915 -0.920051 0.345415 -70.1663 
0.00107712 -0.351666 -0.936125 686.407 
0 0 0 1 
F_OM2
0.977874 0.00170635 -0.209187 195.32 
-0.201486 -0.261262 -0.944005 -19.4904 
-0.0562635 0.965266 -0.255138 656.852 
0 0 0 1 
F_RN measured
0.999985 0.00138232 0.00535206 -0.186338 
-0.00137574 0.999998 -0.00123309 378.164 
-0.00535376 0.00122571 0.999985 -0.251441 
0 0 0 1 
F_RN expected
0.998353 0.0573766 0 10 
-0.0573766 0.998353 0 360 
0 -0 1 0 
0 0 0 1 
expected needle
12.7369 407.621 -115
actual needle
-0.735888 426.006 -115.191
difference vector
-13.4728 18.3844 -0.19124
difference magnitude
22.7934
6.37012409, 407.680318
F_OM1
0.980427 -0.172734 0.0944737 152.836 
-0.194875 -0.919733 0.340756 -70.479 
0.0280305 -0.352497 -0.935393 685.501 
0 0 0 1 
F_OM2
0.978171 -0.0282918 -0.205868 200.949 
-0.206054 -0.260319 -0.943279 -20.3824 
-0.0269042 0.965108 -0.260466 657.132 
0 0 0 1 
F_RN measured
1 0.000489132 -0.000810078 0.0509825 
-0.000487263 0.999997 0.00230526 378.028 
0.000811203 -0.00230487 0.999997 -0.171979 
0 0 0 1 
F_RN expected
0.999587 0.0287238 0 5 
-0.0287238 0.999587 0 360 
0 -0 1 0 
0 0 0 1 
expected needle
6.37012 407.68 -115
actual needle
0.167473 425.463 -115.282
difference vector
-6.20265 17.7827 -0.281578
difference magnitude
18.8355
0, 407.7
F_OM1
0.977206 -0.173221 0.122734 157.336 
-0.205098 -0.919567 0.335159 -70.9921 
0.0548053 -0.352692 -0.934133 684.674 
0 0 0 1 
F_OM2
0.975263 -0.0548555 -0.214134 206.807 
-0.221023 -0.256766 -0.940861 -21.5758 
-0.00337098 0.964915 -0.262539 657.4 
0 0 0 1 
F_RN measured
0.999987 0.00241737 0.00449816 -0.130674 
-0.00243278 0.999991 0.00342535 377.977 
-0.00448984 -0.00343625 0.999984 -0.143595 
0 0 0 1 
F_RN expected
1 0 0 0 
0 1 0 360 
0 0 1 0 
0 0 0 1 
expected needle
0 407.7 -115
actual needle
-0.532654 425.283 -115.306
difference vector
-0.532654 17.5826 -0.305666
difference magnitude
17.5933
-6.37012409, 407.680318
F_OM1
0.973296 -0.173081 0.150791 161.845 
-0.214559 -0.919433 0.329555 -71.4408 
0.0816025 -0.353109 -0.932017 683.963 
0 0 0 1 
F_OM2
0.973268 -0.0845951 -0.213526 212.453 
-0.228174 -0.250081 -0.940955 -22.6651 
0.0262014 0.964522 -0.262698 657.77 
0 0 0 1 
F_RN measured
0.999999 0.000470348 0.00125194 0.000563566 
-0.000473082 0.999998 0.0021846 377.996 
-0.00125091 -0.00218519 0.999997 -0.143161 
0 0 0 1 
F_RN expected
0.999587 -0.0287238 0 -5 
0.0287238 0.999587 0 360 
-0 0 1 0 
0 0 0 1 
expected needle
-6.37012 407.68 -115
actual needle
-0.120974 425.444 -115.247
difference vector
6.24915 17.7641 -0.24703
difference magnitude
18.8328
-12.7368632, 407.621419
F_OM1
0.968607 -0.173278 0.178255 166.318 
-0.224006 -0.919304 0.323577 -71.9795 
0.107802 -0.353349 -0.92926 683.246 
0 0 0 1 
F_OM2
0.968643 -0.109777 -0.222889 218.213 
-0.243556 -0.242267 -0.939142 -23.9443 
0.0490973 0.963979 -0.261407 658.071 
0 0 0 1 
F_RN measured
0.999968 0.00222516 0.00773779 -0.229639 
-0.00221921 0.999997 -0.000777711 378.085 
-0.0077395 0.000760514 0.99997 -0.136899 
0 0 0 1 
F_RN expected
0.998353 -0.0573766 0 -10 
0.0573766 0.998353 0 360 
-0 0 1 0 
0 0 0 1 
expected needle
-12.7369 407.621 -115
actual needle
-1.01334 425.874 -115.097
difference vector
11.7235 18.2531 -0.0971453
difference magnitude
21.6939
-25.4468951, 407.387987
F_OM1
0.956985 -0.172021 0.233642 175.498 
-0.241371 -0.918872 0.312114 -73.1283 
0.160997 -0.355083 -0.920867 681.829 
0 0 0 1 
F_OM2
0.958895 -0.16386 -0.231669 229.701 
-0.265067 -0.225812 -0.937416 -26.3481 
0.101291 0.960291 -0.259964 658.901 
0 0 0 1 
F_RN measured
0.999929 0.00249809 0.0116614 -0.366363 
-0.00241359 0.999971 -0.00725505 378.314 
-0.0116791 0.00722639 0.999906 -0.253937 
0 0 0 1 
F_RN expected
0.993459 -0.114191 0 -20 
0.114191 0.993459 0 360 
-0 0 1 0 
0 0 0 1 
expected needle
-25.4469 407.388 -115
actual needle
-1.58826 426.847 -114.898
difference vector
23.8586 19.4594 0.101608
difference magnitude
30.7882
-38.1045599, 407.006448
F_OM1
0.942271 -0.170901 0.287954 184.768 
-0.258348 -0.918134 0.300478 -74.0668 
0.213028 -0.357524 -0.909283 680.2 
0 0 0 1 
F_OM2
0.9469 -0.215885 -0.238272 241.007 
-0.284182 -0.215286 -0.934287 -28.5541 
0.150402 0.952389 -0.265205 659.797 
0 0 0 1 
F_RN measured
0.999887 0.00527032 0.0140543 -0.462065 
-0.00515777 0.999954 -0.00803313 378.369 
-0.014096 0.00795974 0.999869 -0.215181 
0 0 0 1 
F_RN expected
0.98546 -0.169907 0 -30 
0.169907 0.98546 0 360 
-0 0 1 0 
0 0 0 1 
expected needle
-38.1046 407.006 -115
actual needle
-1.82691 426.99 -114.82
difference vector
36.2776 19.9839 0.179568
difference magnitude
41.4181
-25.4468951, 407.387987
F_OM1
0.955676 -0.172596 0.238524 176.258 
-0.24373 -0.918259 0.312083 -72.8731 
0.165163 -0.356386 -0.919625 681.598 
0 0 0 1 
F_OM2
0.95007 -0.16756 -0.263229 231.535 
-0.294524 -0.202926 -0.93385 -27.0703 
0.10306 0.964751 -0.242144 658.196 
0 0 0 1 
F_RN measured
0.999216 -0.00172248 0.0395403 -1.36529 
0.00292729 0.999533 -0.0304328 379.116 
-0.0394694 0.0305247 0.998754 -0.0908113 
0 0 0 1 
F_RN expected
0.993459 -0.114191 0 -20 
0.114191 0.993459 0 360 
-0 0 1 0 
0 0 0 1 
expected needle
-25.4469 407.388 -115
actual needle
-5.99459 430.294 -113.492
difference vector
19.4523 22.9056 1.50846
difference magnitude
30.0888
-12.7368632, 407.621419
F_OM1
0.967671 -0.173224 0.183322 167.089 
-0.225822 -0.918762 0.323854 -71.9275 
0.11233 -0.354782 -0.928177 683.299 
0 0 0 1 
F_OM2
0.962434 -0.116193 -0.245399 219.893 
-0.265842 -0.219439 -0.938709 -24.6622 
0.0552216 0.968682 -0.242085 657.635 
0 0 0 1 
F_RN measured
0.999601 -0.00429736 0.0279 -0.955159 
0.00495735 0.999708 -0.0236298 378.875 
-0.0277903 0.0237587 0.999331 -0.0830735 
0 0 0 1 
F_RN expected
0.998353 -0.0573766 0 -10 
0.0573766 0.998353 0 360 
-0 0 1 0 
0 0 0 1 
expected needle
-12.7369 407.621 -115
actual needle
-4.36864 429.278 -113.873
difference vector
8.36822 21.6568 1.12711
difference magnitude
23.2446
-6.37012409, 407.680318
F_OM1
0.972816 -0.172742 0.154238 162.369 
-0.215684 -0.918343 0.331854 -71.3615 
0.0843182 -0.3561 -0.930636 684.347 
0 0 0 1 
F_OM2
0.967574 -0.0880534 -0.236742 213.795 
-0.251025 -0.231137 -0.93998 -23.2617 
0.0280487 0.968929 -0.245745 657.688 
0 0 0 1 
F_RN measured
0.99972 -0.00422531 0.0232805 -0.789796 
0.00467407 0.999804 -0.0192558 378.742 
-0.0231945 0.0193593 0.999544 -0.0399364 
0 0 0 1 
F_RN expected
0.999587 -0.0287238 0 -5 
0.0287238 0.999587 0 360 
-0 0 1 0 
0 0 0 1 
expected needle
-6.37012 407.68 -115
actual needle
-3.6686 428.647 -114.064
difference vector
2.70153 20.9669 0.935997
difference magnitude
21.161
0, 407.7
F_OM1
0.977007 -0.17293 0.124713 157.615 
-0.20569 -0.918455 0.337834 -70.9381 
0.0561214 -0.355718 -0.932907 685.308 
0 0 0 1 
F_OM2
0.968112 -0.0554205 -0.24431 208.003 
-0.250474 -0.232231 -0.939857 -22.3418 
-0.00464921 0.97108 -0.238707 657.267 
0 0 0 1 
F_RN measured
0.999418 -0.00212058 0.0340441 -1.17542 
0.00295118 0.999699 -0.0243661 378.935 
-0.0339822 0.0244523 0.999123 -0.0155339 
0 0 0 1 
F_RN expected
1 0 0 0 
0 1 0 360 
0 0 1 0 
0 0 0 1 
expected needle
0 407.7 -115
actual needle
-5.19164 429.423 -113.748
difference vector
-5.19164 21.7231 1.25167
difference magnitude
22.3699
6.37012409, 407.680318
F_OM1
0.980205 -0.172591 0.0970077 153.19 
-0.195729 -0.918506 0.343564 -70.4539 
0.0298061 -0.35575 -0.934106 686.255 
0 0 0 1 
F_OM2
0.973243 -0.0297773 -0.227842 202.015 
-0.228293 -0.237931 -0.944072 -21.1102 
-0.0260989 0.970825 -0.238363 657.202 
0 0 0 1 
F_RN measured
0.999775 -0.00390137 0.0208517 -0.724791 
0.00439006 0.999716 -0.0234421 378.91 
-0.0207543 0.0235284 0.999508 -0.0203978 
0 0 0 1 
F_RN expected
0.999587 0.0287238 0 5 
-0.0287238 0.999587 0 360 
0 -0 1 0 
0 0 0 1 
expected needle
6.37012 407.68 -115
actual needle
-3.30884 429.292 -113.841
difference vector
-9.67896 21.6121 1.15852
difference magnitude
23.7088
12.7368632, 407.621419
F_OM1
0.982531 -0.172913 0.0688035 148.748 
-0.186076 -0.918633 0.348554 -70.0159 
0.00293579 -0.355267 -0.93476 686.96 
0 0 0 1 
F_OM2
0.973782 -0.00161838 -0.227479 196.388 
-0.220936 -0.244943 -0.944029 -20.0319 
-0.0541914 0.969536 -0.238878 656.928 
0 0 0 1 
F_RN measured
0.999715 -0.00332189 0.023621 -0.835771 
0.00381602 0.999774 -0.0209047 378.828 
-0.0235463 0.0209888 0.999502 -0.0163065 
0 0 0 1 
F_RN expected
0.998353 0.0573766 0 10 
-0.0573766 0.998353 0 360 
0 -0 1 0 
0 0 0 1 
expected needle
12.7369 407.621 -115
actual needle
-3.71065 428.921 -113.958
difference vector
-16.4475 21.2996 1.04209
difference magnitude
26.931
25.4468951, 407.387987
F_OM1
0.984863 -0.17287 0.0126887 139.901 
-0.165915 -0.918982 0.357694 -69.0362 
-0.0501739 -0.354384 -0.933753 688.382 
0 0 0 1 
F_OM2
0.975288 0.0525897 -0.214585 184.793 
-0.194487 -0.256443 -0.94679 -17.6661 
-0.10482 0.965128 -0.239878 656.566 
0 0 0 1 
F_RN measured
0.999845 -0.00414581 0.0170887 -0.631589 
0.00443911 0.999843 -0.0171615 378.672 
-0.0170149 0.0172347 0.999707 -0.102878 
0 0 0 1 
F_RN expected
0.993459 0.114191 0 20 
-0.114191 0.993459 0 360 
0 -0 1 0 
0 0 0 1 
expected needle
25.4469 407.388 -115
actual needle
-2.79454 428.338 -114.247
difference vector
-28.2414 20.9501 0.752948
difference magnitude
35.1718
38.1045599, 407.006448
F_OM1
0.984144 -0.172281 -0.0421906 131.295 
-0.145319 -0.919545 0.365129 -68.0483 
-0.101701 -0.353208 -0.930001 689.68 
0 0 0 1 
F_OM2
0.973773 0.106793 -0.200903 173.31 
-0.16712 -0.263477 -0.950079 -15.454 
-0.154395 0.958736 -0.23872 656.229 
0 0 0 1 
F_RN measured
0.999939 -0.00416185 0.0102022 -0.4082 
0.00432972 0.999855 -0.016488 378.556 
-0.0101321 0.0165312 0.999812 -0.16001 
0 0 0 1 
F_RN expected
0.98546 0.169907 0 30 
-0.169907 0.98546 0 360 
0 -0 1 0 
0 0 0 1 
expected needle
38.1046 407.006 -115
actual needle
-1.77997 428.145 -114.35
difference vector
-39.8845 21.1386 0.650147
difference magnitude
45.1446
25.4468951, 407.387987
F_OM1
0.984943 -0.17257 0.0103858 139.528 
-0.164966 -0.920176 0.355054 -69.0827 
-0.0517148 -0.351421 -0.934788 687.774 
0 0 0 1 
F_OM2
0.979188 0.0558164 -0.195131 183.732 
-0.173039 -0.272843 -0.946369 -17.0738 
-0.106063 0.960438 -0.257506 656.513 
0 0 0 1 
F_RN measured
0.999994 0.000756865 -0.00336333 0.098489 
-0.000749808 0.999998 0.00209881 378.016 
0.00336491 -0.00209628 0.999992 -0.289325 
0 0 0 1 
F_RN expected
0.993459 0.114191 0 20 
-0.114191 0.993459 0 360 
0 -0 1 0 
0 0 0 1 
expected needle
25.4469 407.388 -115
actual needle
0.521375 425.475 -115.388
difference vector
-24.9255 18.0867 -0.388414
difference magnitude
30.7987
12.7368632, 407.621419
F_OM1
0.982752 -0.172752 0.0659982 148.311 
-0.184926 -0.920083 0.345326 -70.1782 
0.0010682 -0.351574 -0.936159 686.386 
0 0 0 1 
F_OM2
0.977882 0.00178091 -0.209151 195.308 
-0.201401 -0.261795 -0.943875 -19.4838 
-0.0564358 0.965122 -0.255646 656.848 
0 0 0 1 
F_RN measured
0.999985 0.00156487 0.0052967 -0.185209 
-0.00156166 0.999999 -0.000610911 378.145 
-0.00529765 0.00060263 0.999986 -0.260101 
0 0 0 1 
F_RN expected
0.998353 0.0573766 0 10 
-0.0573766 0.998353 0 360 
0 -0 1 0 
0 0 0 1 
expected needle
12.7369 407.621 -115
actual needle
-0.719686 425.915 -115.23
difference vector
-13.4565 18.2935 -0.229721
difference magnitude
22.7109
6.37012409, 407.680318
F_OM1
0.980415 -0.172736 0.0945956 152.845 
-0.194918 -0.919759 0.340661 -70.4772 
0.0281606 -0.352428 -0.935415 685.482 
0 0 0 1 
F_OM2
0.978223 -0.0283627 -0.205611 200.957 
-0.205819 -0.260528 -0.943273 -20.3738 
-0.0268137 0.96505 -0.260692 657.128 
0 0 0 1 
F_RN measured
0.999999 0.000603603 -0.0010777 0.0588663 
-0.000600798 0.999996 0.00260197 378.017 
0.00107926 -0.00260132 0.999996 -0.176607 
0 0 0 1 
F_RN expected
0.999587 0.0287238 0 5 
-0.0287238 0.999587 0 360 
0 -0 1 0 
0 0 0 1 
expected needle
6.37012 407.68 -115
actual needle
0.211593 425.417 -115.3
difference vector
-6.15853 17.7369 -0.300234
difference magnitude
18.7781
0, 407.7
F_OM1
0.977217 -0.17322 0.122643 157.312 
-0.205063 -0.919587 0.335125 -70.9995 
0.0547308 -0.35264 -0.934157 684.696 
0 0 0 1 
F_OM2
0.975123 -0.0543603 -0.214895 206.792 
-0.221629 -0.256224 -0.940866 -21.5935 
-0.00391544 0.965088 -0.261898 657.396 
0 0 0 1 
F_RN measured
0.999983 0.00270271 0.00525277 -0.158042 
-0.00271755 0.999992 0.00282044 377.998 
-0.0052451 -0.00283466 0.999982 -0.147915 
0 0 0 1 
F_RN expected
1 0 0 0 
0 1 0 360 
0 0 1 0 
0 0 0 1 
expected needle
0 407.7 -115
actual needle
-0.63319 425.373 -115.281
difference vector
-0.63319 17.673 -0.281085
difference magnitude
17.6865
-6.37012409, 407.680318
F_OM1
0.973303 -0.173063 0.150765 161.838 
-0.21454 -0.919411 0.32963 -71.4456 
0.0815679 -0.353175 -0.931995 683.969 
0 0 0 1 
F_OM2
0.973237 -0.0844668 -0.213718 212.449 
-0.228323 -0.249998 -0.940941 -22.6703 
0.0260492 0.964555 -0.262593 657.768 
0 0 0 1 
F_RN measured
0.999999 0.000536737 0.00145283 -0.00733895 
-0.000539644 0.999998 0.00200111 378.007 
-0.00145175 -0.0020019 0.999997 -0.142928 
0 0 0 1 
F_RN expected
0.999587 -0.0287238 0 -5 
0.0287238 0.999587 0 360 
-0 0 1 0 
0 0 0 1 
expected needle
-6.37012 407.68 -115
actual needle
-0.148812 425.476 -115.238
difference vector
6.22131 17.7961 -0.238066
difference magnitude
18.8537
-12.7368632, 407.621419
F_OM1
0.9686 -0.173261 0.17831 166.321 
-0.224013 -0.919292 0.323605 -71.9832 
0.107851 -0.353387 -0.929239 683.252 
0 0 0 1 
F_OM2
0.968664 -0.109682 -0.222845 218.214 
-0.243488 -0.242245 -0.939165 -23.9484 
0.0490265 0.963995 -0.261361 658.076 
0 0 0 1 
F_RN measured
0.999968 0.00236171 0.00769474 -0.228426 
-0.00235511 0.999997 -0.000866303 378.09 
-0.00769677 0.000848153 0.99997 -0.13598 
0 0 0 1 
F_RN expected
0.998353 -0.0573766 0 -10 
0.0573766 0.998353 0 360 
-0 0 1 0 
0 0 0 1 
expected needle
-12.7369 407.621 -115
actual needle
-1.00067 425.89 -115.092
difference vector
11.7362 18.2681 -0.0920757
difference magnitude
21.7134
-25.4468951, 407.387987
F_OM1
0.956984 -0.17207 0.233609 175.473 
-0.241395 -0.918884 0.312057 -73.1346 
0.160964 -0.355026 -0.920895 681.821 
0 0 0 1 
F_OM2
0.958495 -0.163161 -0.233809 229.721 
-0.266882 -0.224927 -0.937114 -26.3844 
