F_M2N
-1 -1.22463e-16 0 0.00558085 
1.22465e-16 -1 0 28.3789 
-0 0 1 -5.49509 
0 0 0 1 
F_M1R
-1 0 0 -37.5 
0 -1 0 -5 
0 0 1 -71.99 
0 0 0 1 
-0.0662821, 430.515
F_OM1
0.997492 0.0497935 0.0503056 89.7724 
0.0363321 -0.970132 0.23984 -138.694 
0.0607456 -0.237411 -0.969508 1190.38 
0 0 0 1 
F_OM2
0.999262 -0.0272043 0.0271289 68.4732 
0.0240342 -0.108259 -0.993832 10.4387 
0.0299735 0.99375 -0.107525 801.723 
0 0 0 1 
F_RN measured
0.999449 0.0292966 0.0155788 1.01384 
0.0193243 -0.132256 -0.991027 57.6673 
-0.0269733 0.990783 -0.13275 456.101 
0 0 0 1 
F_RN expected
1 -0.000271076 0 -0.0533518 
0.000271076 1 0 382.815 
-0 0 1 0 
0 0 0 1 
expected needle
-0.0662821 430.515 -115
actual needle
0.619725 165.327 518.628
difference vector
0.686007 -265.188 633.628
difference magnitude
686.884
-0.0662821, 435.515
F_OM1
0.997503 0.0497336 0.0501414 89.7683 
0.0364071 -0.970501 0.238332 -138.721 
0.0605154 -0.235911 -0.969889 1190.46 
0 0 0 1 
F_OM2
0.999335 -0.0240446 0.0274022 68.4729 
0.0243415 -0.119467 -0.99254 12.017 
0.0271389 0.992547 -0.118802 797.238 
0 0 0 1 
F_RN measured
0.999369 0.0317304 0.0159911 1.05611 
0.0196748 -0.119406 -0.992651 58.4291 
-0.0295877 0.992338 -0.119955 460.723 
0 0 0 1 
F_RN expected
1 -0.000265644 0 -0.0536109 
0.000265644 1 0 387.815 
-0 0 1 0 
0 0 0 1 
expected needle
-0.0662821 435.515 -115
actual needle
0.730668 166.888 521.852
difference vector
0.79695 -268.627 636.852
difference magnitude
691.189
-0.0662821, 440.515
F_OM1
0.997447 0.0497864 0.0511845 89.7752 
0.0361729 -0.97036 0.238943 -138.725 
0.0615635 -0.236482 -0.969684 1190.49 
0 0 0 1 
F_OM2
0.999491 -0.0257631 0.0188022 69.0472 
0.0155028 -0.122762 -0.992315 13.2388 
0.0278734 0.992102 -0.1223 792.298 
0 0 0 1 
F_RN measured
0.999217 0.0309392 0.0246699 1.17281 
0.0281262 -0.116773 -0.99276 58.0961 
-0.0278344 0.992677 -0.117552 465.832 
0 0 0 1 
F_RN expected
1 -0.000260425 0 -0.0538598 
0.000260425 1 0 392.815 
-0 0 1 0 
0 0 0 1 
expected needle
-0.0662821 440.515 -115
actual needle
-0.188425 166.693 526.701
difference vector
-0.122143 -273.822 641.701
difference magnitude
697.681
-0.0662821, 450.515
F_OM1
0.997476 0.0496653 0.0507382 89.7627 
0.03625 -0.970704 0.237528 -138.756 
0.0610487 -0.235089 -0.970055 1190.58 
0 0 0 1 
F_OM2
0.999771 -0.0210399 -0.00385176 69.5217 
-0.00670224 -0.137141 -0.990529 16.0011 
0.0203124 0.990328 -0.13725 782.895 
0 0 0 1 
F_RN measured
0.998245 0.0345001 0.0481277 0.719583 
0.0513846 -0.100737 -0.993585 58.7042 
-0.0294305 0.994315 -0.102333 475.545 
0 0 0 1 
F_RN expected
1 -0.00025058 0 -0.0543294 
0.00025058 1 0 402.815 
-0 0 1 0 
0 0 0 1 
expected needle
-0.0662821 450.515 -115
actual needle
-3.16945 168.161 534.742
difference vector
-3.10317 -282.354 649.742
difference magnitude
708.447
-0.0662821, 460.515
F_OM1
0.99743 0.0496194 0.0516873 89.8019 
0.0360484 -0.970967 0.23648 -138.778 
0.0619207 -0.234009 -0.970261 1190.71 
0 0 0 1 
F_OM2
0.99801 -0.0106205 -0.0621535 69.7225 
-0.0630536 -0.172788 -0.982939 19.4378 
-0.000300015 0.984902 -0.173114 773.488 
0 0 0 1 
F_RN measured
0.993154 0.0441638 0.108146 0.805709 
0.110814 -0.0632313 -0.991828 59.2294 
-0.0369647 0.997021 -0.0676924 485.256 
0 0 0 1 
F_RN expected
1 -0.000241452 0 -0.0547649 
0.000241452 1 0 412.815 
-0 0 1 0 
0 0 0 1 
expected needle
-0.0662821 460.515 -115
actual needle
-9.52452 170.273 540.599
difference vector
-9.45824 -290.242 655.599
difference magnitude
717.035
-0.0662821, 450.515
F_OM1
0.997457 0.0501155 0.050674 89.8013 
0.0364282 -0.96962 0.241888 -138.652 
0.0612568 -0.239427 -0.96898 1190.23 
0 0 0 1 
F_OM2
0.992039 0.0115711 -0.125399 69.9716 
-0.122528 -0.141261 -0.982361 16.2517 
-0.029081 0.989905 -0.138719 780.688 
0 0 0 1 
F_RN measured
0.983271 0.0670342 0.169363 -1.11493 
0.175485 -0.0994604 -0.979445 56.3395 
-0.0488114 0.992781 -0.10956 477.721 
0 0 0 1 
F_RN expected
1 -0.00025058 0 -0.0543294 
0.00025058 1 0 402.815 
-0 0 1 0 
0 0 0 1 
expected needle
-0.0662821 450.515 -115
actual needle
-17.3942 164.231 537.676
difference vector
-17.3279 -286.284 652.676
difference magnitude
712.912
-0.0662821, 440.515
F_OM1
0.997364 0.0501057 0.052481 89.7491 
0.0359287 -0.969424 0.242748 -139.022 
0.0630394 -0.240223 -0.968669 1188.61 
0 0 0 1 
F_OM2
0.995779 0.00199777 -0.0917619 70.0144 
-0.0907655 -0.127065 -0.987733 13.3157 
-0.013633 0.991892 -0.126347 788.579 
0 0 0 1 
F_RN measured
0.989034 0.0599556 0.134973 -0.521726 
0.141159 -0.114995 -0.983285 56.2383 
-0.0434322 0.991555 -0.122197 467.96 
0 0 0 1 
F_RN expected
1 -0.000260425 0 -0.0538598 
0.000260425 1 0 392.815 
-0 0 1 0 
0 0 0 1 
expected needle
-0.0662821 440.515 -115
actual needle
-13.1837 163.831 529.31
difference vector
-13.1174 -276.684 644.31
difference magnitude
701.329
-0.0662821, 435.515
F_OM1
0.997421 0.0499346 0.0515626 89.7398 
0.0360117 -0.96953 0.242312 -139.058 
0.0620912 -0.23983 -0.968827 1188.66 
0 0 0 1 
F_OM2
0.998247 -0.00501708 -0.0589801 69.7491 
-0.0591724 -0.110895 -0.992069 11.7096 
-0.0015633 0.993819 -0.110997 793.527 
0 0 0 1 
F_RN measured
0.993444 0.0527098 0.101446 -0.514976 
0.107591 -0.131083 -0.985516 56.5422 
-0.0386485 0.989969 -0.135894 462.958 
0 0 0 1 
F_RN expected
1 -0.000265644 0 -0.0536109 
0.000265644 1 0 387.815 
-0 0 1 0 
0 0 0 1 
expected needle
-0.0662821 435.515 -115
actual needle
-9.66701 163.624 525.807
difference vector
-9.60073 -271.891 640.807
difference magnitude
696.169
-0.0662821, 430.515
F_OM1
0.997376 0.0499944 0.0523676 89.7336 
0.0358629 -0.969484 0.242517 -139.048 
0.062894 -0.240002 -0.968733 1188.67 
0 0 0 1 
F_OM2
0.998597 -0.0105078 -0.0518954 69.6652 
-0.0527046 -0.10329 -0.993254 10.2212 
0.0050767 0.994596 -0.103698 798.167 
0 0 0 1 
F_RN measured
0.994406 0.0483696 0.0939021 -0.17162 
0.0998021 -0.139093 -0.985237 56.3571 
-0.0345944 0.989097 -0.143142 458.146 
0 0 0 1 
F_RN expected
1 -0.000271076 0 -0.0533518 
0.000271076 1 0 382.815 
-0 0 1 0 
0 0 0 1 
expected needle
-0.0662821 430.515 -115
actual needle
-8.66314 163.025 521.787
difference vector
-8.59685 -267.49 636.787
difference magnitude
690.741
-0.0662821, 410.515
F_OM1
0.997433 0.0499308 0.0513179 89.7194 
0.0360776 -0.969569 0.242143 -139.047 
0.0618467 -0.23967 -0.968882 1188.66 
0 0 0 1 
F_OM2
0.999585 -0.0163731 -0.0236818 68.3301 
-0.02509 -0.0919533 -0.995447 5.11369 
0.0141209 0.995629 -0.0923259 817.555 
0 0 0 1 
F_RN measured
0.996988 0.0419278 0.0652445 0.0311614 
0.0708522 -0.150285 -0.986101 56.5821 
-0.0315398 0.987753 -0.152803 438.166 
0 0 0 1 
F_RN expected
1 -0.000295223 0 -0.0521999 
0.000295223 1 0 362.815 
-0 0 1 0 
0 0 0 1 
expected needle
-0.0662821 410.515 -115
actual needle
-5.472 162.815 502.854
difference vector
-5.40572 -247.7 617.854
difference magnitude
665.679
-0.0662821, 390.515
F_OM1
0.997412 0.0498825 0.0517799 89.7212 
0.0360084 -0.969916 0.240763 -139.093 
0.062232 -0.238275 -0.969202 1188.8 
0 0 0 1 
F_OM2
0.999641 -0.0157989 -0.021652 67.0042 
-0.0229739 -0.0889422 -0.995772 0.161521 
0.0138063 0.995911 -0.0892732 836.844 
0 0 0 1 
F_RN measured
0.997086 0.0430169 0.0630077 0.474565 
0.0688576 -0.151822 -0.986006 57.0614 
-0.0328489 0.987471 -0.154342 418.286 
0 0 0 1 
F_RN expected
1 -0.000324094 0 -0.0508228 
0.000324094 1 0 342.815 
-0 0 1 0 
0 0 0 1 
expected needle
-0.0662821 390.515 -115
actual needle
-4.71942 163.21 483.138
difference vector
-4.65313 -227.305 598.138
difference magnitude
639.889
-0.0662821, 410.515
F_OM1
0.99745 0.0497732 0.051144 89.7028 
0.0361542 -0.9703 0.239187 -139.122 
0.0615301 -0.236728 -0.969626 1188.92 
0 0 0 1 
F_OM2
0.999768 -0.0202995 0.00718399 67.3936 
0.00453979 -0.127423 -0.991838 5.89076 
0.0210492 0.991641 -0.127301 819.6 
0 0 0 1 
F_RN measured
0.998678 0.0361611 0.0365263 1.0014 
0.0403738 -0.112121 -0.992874 58.0251 
-0.0318081 0.993036 -0.113433 436.081 
0 0 0 1 
F_RN expected
1 -0.000295223 0 -0.0521999 
0.000295223 1 0 362.815 
-0 0 1 0 
0 0 0 1 
expected needle
-0.0662821 410.515 -115
actual needle
-1.47424 166.857 496.494
difference vector
-1.40796 -243.658 611.494
difference magnitude
658.252
-0.0662821, 430.515
F_OM1
0.997396 0.0498428 0.0521334 89.7051 
0.0359326 -0.9701 0.240029 -139.119 
0.0625384 -0.237531 -0.969365 1188.92 
0 0 0 1 
F_OM2
0.999788 -0.0166666 -0.0120531 68.5099 
-0.0143167 -0.143157 -0.989596 11.1489 
0.0147678 0.98956 -0.143366 800.204 
0 0 0 1 
F_RN measured
0.997594 0.0401182 0.0565463 1.09522 
0.0602131 -0.0970047 -0.993461 57.7119 
-0.0343706 0.994475 -0.0991869 456.082 
0 0 0 1 
F_RN expected
1 -0.000271076 0 -0.0533518 
0.000271076 1 0 382.815 
-0 0 1 0 
0 0 0 1 
expected needle
-0.0662821 430.515 -115
actual needle
-3.49397 167.333 514.925
difference vector
-3.42769 -263.182 629.925
difference magnitude
682.702
-0.0662821, 435.515
F_OM1
0.997427 0.0497656 0.0516114 89.7028 
0.0360319 -0.97029 0.239247 -139.138 
0.0619843 -0.236772 -0.969586 1188.96 
0 0 0 1 
F_OM2
0.999806 -0.014223 -0.0136472 68.5579 
-0.0156384 -0.150882 -0.988428 12.6479 
0.0119993 0.988449 -0.151075 795.683 
0 0 0 1 
F_RN measured
0.997413 0.0416454 0.0585913 0.989007 
0.0620886 -0.0883453 -0.994153 58.1814 
-0.0362256 0.995219 -0.0907025 460.784 
0 0 0 1 
F_RN expected
1 -0.000265644 0 -0.0536109 
0.000265644 1 0 387.815 
-0 0 1 0 
0 0 0 1 
expected needle
-0.0662821 435.515 -115
actual needle
-3.76251 168.295 518.687
difference vector
-3.69623 -267.22 633.687
difference magnitude
687.735
-0.0662821, 440.515
F_OM1
0.997367 0.0498696 0.0526568 89.7119 
0.0358537 -0.970179 0.239725 -139.133 
0.0630415 -0.237206 -0.969412 1188.97 
0 0 0 1 
F_OM2
0.999612 -0.0148836 -0.0235597 69.1329 
-0.025542 -0.151255 -0.988165 13.8256 
0.011144 0.988383 -0.151576 790.756 
0 0 0 1 
F_RN measured
0.996766 0.0420417 0.0684826 1.06977 
0.0719871 -0.0884484 -0.993476 57.9332 
-0.0357102 0.995193 -0.0911888 465.868 
0 0 0 1 
F_RN expected
1 -0.000260425 0 -0.0538598 
0.000260425 1 0 392.815 
-0 0 1 0 
0 0 0 1 
expected needle
-0.0662821 440.515 -115
actual needle
-4.80033 167.964 523.825
difference vector
-4.73405 -272.551 638.825
difference magnitude
694.553
-0.0662821, 450.515
F_OM1
0.997372 0.0497547 0.0526696 89.7025 
0.0358658 -0.970659 0.237771 -139.178 
0.0629544 -0.235257 -0.969892 1189.13 
0 0 0 1 
F_OM2
0.998943 -0.0112221 -0.0445841 69.6198 
-0.0458176 -0.162883 -0.985581 16.4697 
0.00379828 0.986582 -0.163225 781.409 
0 0 0 1 
F_RN measured
0.994913 0.0450752 0.0900914 0.835555 
0.0932818 -0.0745554 -0.992844 58.7313 
-0.0380358 0.996198 -0.0783809 475.546 
0 0 0 1 
F_RN expected
1 -0.00025058 0 -0.0543294 
0.00025058 1 0 402.815 
-0 0 1 0 
0 0 0 1 
expected needle
-0.0662821 450.515 -115
actual needle
-7.37486 169.352 532.078
difference vector
-7.30858 -281.163 647.078
difference magnitude
705.561
-0.0662821, 460.515
F_OM1
0.997362 0.0497233 0.0528856 89.7021 
0.0358183 -0.970789 0.237248 -139.187 
0.0631375 -0.234728 -0.970009 1189.17 
0 0 0 1 
F_OM2
0.993955 -0.00147632 -0.109779 69.7235 
-0.107862 -0.199663 -0.97391 19.9058 
-0.020481 0.979864 -0.198615 772.028 
0 0 0 1 
F_RN measured
0.986176 0.0532421 0.156913 0.685948 
0.158941 -0.0362442 -0.986623 58.9735 
-0.0468426 0.997924 -0.0442055 485.232 
0 0 0 1 
F_RN expected
1 -0.000241452 0 -0.0547649 
0.000241452 1 0 412.815 
-0 0 1 0 
0 0 0 1 
expected needle
-0.0662821 460.515 -115
actual needle
-14.8194 170.706 537.916
difference vector
-14.7532 -289.809 652.916
difference magnitude
714.497
-0.0662821, 450.515
F_OM1
0.997388 0.0500287 0.0520963 89.7213 
0.0359361 -0.969383 0.24291 -139.036 
0.0626537 -0.240403 -0.968649 1188.66 
0 0 0 1 
F_OM2
0.985727 0.0164481 -0.167548 70.2164 
-0.162436 -0.168611 -0.972206 16.775 
-0.0442414 0.985545 -0.163533 779.185 
0 0 0 1 
F_RN measured
0.974543 0.072094 0.212293 -1.20781 
0.217413 -0.0726565 -0.973372 55.9856 
-0.0547497 0.994748 -0.086481 477.71 
0 0 0 1 
F_RN expected
1 -0.00025058 0 -0.0543294 
0.00025058 1 0 402.815 
-0 0 1 0 
0 0 0 1 
expected needle
-0.0662821 450.515 -115
actual needle
-22.1827 164.458 535.105
difference vector
-22.1164 -286.057 650.105
difference magnitude
710.601
-0.0662821, 440.515
F_OM1
0.997364 0.0500182 0.0525749 89.7177 
0.0358165 -0.96941 0.242818 -139.045 
0.063112 -0.240295 -0.968646 1188.69 
0 0 0 1 
F_OM2
0.991849 0.00840646 -0.127142 69.5934 
-0.124321 -0.154891 -0.980078 14.0949 
-0.0279322 0.987896 -0.152584 788.612 
0 0 0 1 
F_RN measured
0.983018 0.0651847 0.17154 -0.462069 
0.17684 -0.0868125 -0.980404 56.1757 
-0.0490156 0.99409 -0.0968656 467.971 
0 0 0 1 
F_RN expected
1 -0.000260425 0 -0.0538598 
0.000260425 1 0 392.815 
-0 0 1 0 
0 0 0 1 
expected needle
-0.0662821 440.515 -115
actual needle
-17.0798 164.781 526.529
difference vector
-17.0135 -275.734 641.529
difference magnitude
698.482
-0.0662821, 435.515
F_OM1
0.997414 0.0498642 0.0517646 89.7058 
0.0359246 -0.969649 0.241847 -139.068 
0.062253 -0.239362 -0.968933 1188.74 
0 0 0 1 
F_OM2
0.9951 0.00460526 -0.0987641 69.2472 
-0.0971115 -0.142111 -0.985076 12.5849 
-0.018572 0.98984 -0.140967 793.502 
0 0 0 1 
F_RN measured
0.987882 0.0611086 0.142673 -0.461506 
0.148229 -0.098903 -0.983995 56.6787 
-0.0460198 0.993219 -0.106763 462.964 
0 0 0 1 
F_RN expected
1 -0.000265644 0 -0.0536109 
0.000265644 1 0 387.815 
-0 0 1 0 
0 0 0 1 
expected needle
-0.0662821 435.515 -115
actual needle
-13.954 165.12 522.618
difference vector
-13.8877 -270.395 637.618
difference magnitude
692.721
-0.0662821, 430.515
F_OM1
0.997374 0.0499411 0.0524523 89.7086 
0.0358002 -0.969523 0.24237 -139.054 
0.062958 -0.239856 -0.968765 1188.73 
0 0 0 1 
F_OM2
0.995854 0.00335054 -0.090905 69.0681 
-0.0896593 -0.132666 -0.987097 11.0818 
-0.0153673 0.991155 -0.131816 798.122 
0 0 0 1 
F_RN measured
0.989061 0.0609934 0.134303 -0.17106 
0.140347 -0.108944 -0.98409 56.4 
-0.0453914 0.992175 -0.116313 458.186 
0 0 0 1 
F_RN expected
1 -0.000271076 0 -0.0533518 
0.000271076 1 0 382.815 
-0 0 1 0 
0 0 0 1 
expected needle
-0.0662821 430.515 -115
actual needle
-12.7066 164.374 518.889
difference vector
-12.6403 -266.141 633.889
difference magnitude
687.609
-0.0662821, 435.515
F_OM1
0.997417 0.0497532 0.0518074 89.6928 
0.0359468 -0.970191 0.23966 -139.12 
0.0621869 -0.237179 -0.969474 1188.93 
0 0 0 1 
F_OM2
0.99839 0.000165437 -0.0567146 67.9414 
-0.0557635 -0.179526 -0.982171 13.5067 
-0.0103443 0.983753 -0.179228 795.569 
0 0 0 1 
F_RN measured
0.993164 0.0548882 0.10302 1.0414 
0.106228 -0.0591422 -0.992581 57.9945 
-0.0483882 0.996739 -0.0645685 460.865 
0 0 0 1 
F_RN expected
1 -0.000265644 0 -0.0536109 
0.000265644 1 0 387.815 
-0 0 1 0 
0 0 0 1 
expected needle
-0.0662821 435.515 -115
actual needle
-8.18769 169.32 515.835
difference vector
-8.12141 -266.195 630.835
difference magnitude
684.747
-0.0662821, 440.515
F_OM1
0.997369 0.0498093 0.0526614 89.7025 
0.0357976 -0.970194 0.239669 -139.125 
0.0630296 -0.237153 -0.969425 1188.97 
0 0 0 1 
F_OM2
0.997911 -0.00208924 -0.0645627 68.5014 
-0.0638677 -0.181624 -0.981292 14.7314 
-0.00967596 0.983366 -0.181378 790.771 
0 0 0 1 
F_RN measured
0.99239 0.0533957 0.110953 1.10555 
0.113964 -0.0571023 -0.991842 57.9619 
-0.0466245 0.996939 -0.062753 465.829 
0 0 0 1 
F_RN expected
1 -0.000260425 0 -0.0538598 
0.000260425 1 0 392.815 
-0 0 1 0 
0 0 0 1 
expected needle
-0.0662821 440.515 -115
actual needle
-9.10705 169.3 520.599
difference vector
-9.04077 -271.215 635.599
difference magnitude
691.105
-0.0662821, 450.515
F_OM1
0.997377 0.0497631 0.0525583 89.7015 
0.0358746 -0.970562 0.238165 -139.157 
0.062863 -0.235655 -0.969801 1189.08 
0 0 0 1 
F_OM2
0.997642 -0.00377979 -0.0685237 69.2909 
-0.0681026 -0.17783 -0.981702 16.9553 
-0.00847492 0.984054 -0.177668 781.409 
0 0 0 1 
F_RN measured
0.99205 0.0517111 0.114731 0.780294 
0.117741 -0.0594909 -0.991261 58.5983 
-0.0444337 0.996889 -0.0651064 475.522 
0 0 0 1 
F_RN expected
1 -0.00025058 0 -0.0543294 
0.00025058 1 0 402.815 
-0 0 1 0 
0 0 0 1 
expected needle
-0.0662821 450.515 -115
actual needle
-9.94714 169.756 530.561
difference vector
-9.88086 -280.759 645.561
difference magnitude
704.04
-0.0662821, 460.515
F_OM1
0.997367 0.0497256 0.0527893 89.6928 
0.0358328 -0.970749 0.237408 -139.186 
0.0630504 -0.234891 -0.969975 1189.16 
0 0 0 1 
F_OM2
0.990169 0.00325323 -0.139841 69.5821 
-0.135906 -0.214203 -0.967288 20.3585 
-0.0331012 0.976784 -0.211655 772.067 
0 0 0 1 
F_RN measured
0.980604 0.0571558 0.187479 0.481031 
0.188943 -0.0213388 -0.981756 58.905 
-0.0521125 0.998137 -0.0317241 485.225 
0 0 0 1 
F_RN expected
1 -0.000241452 0 -0.0547649 
0.000241452 1 0 412.815 
-0 0 1 0 
0 0 0 1 
expected needle
-0.0662821 460.515 -115
actual needle
-18.3527 170.789 536.484
difference vector
-18.2864 -289.726 651.484
difference magnitude
713.237
-0.0662821, 450.515
F_OM1
0.997383 0.0500158 0.0521981 89.7096 
0.0359085 -0.969421 0.242764 -139.045 
0.062744 -0.240254 -0.96868 1188.7 
0 0 0 1 
F_OM2
0.977879 0.0171299 -0.208471 69.9608 
-0.201064 -0.197835 -0.959393 17.5552 
-0.0576771 0.980086 -0.190014 779.163 
0 0 0 1 
F_RN measured
0.964481 0.0714756 0.254298 -1.16108 
0.257682 -0.0428276 -0.96528 55.9234 
-0.058103 0.996522 -0.0597245 477.739 
0 0 0 1 
F_RN expected
1 -0.00025058 0 -0.0543294 
0.00025058 1 0 402.815 
-0 0 1 0 
0 0 0 1 
expected needle
-0.0662821 450.515 -115
actual needle
-26.9959 164.888 532.141
difference vector
-26.9297 -285.627 647.141
difference magnitude
707.884
-0.0662821, 440.515
F_OM1
0.997359 0.0500101 0.0526651 89.7146 
0.0358022 -0.96947 0.242583 -139.034 
0.0631888 -0.240056 -0.9687 1188.71 
0 0 0 1 
F_OM2
0.984605 0.016155 -0.174046 69.1479 
-0.167997 -0.187512 -0.967789 14.9848 
-0.0482705 0.982129 -0.181912 788.611 
0 0 0 1 
F_RN measured
0.97294 0.0714585 0.219731 -0.461084 
0.223696 -0.0531709 -0.973208 56.1553 
-0.0578607 0.996025 -0.0677171 467.949 
0 0 0 1 
F_RN expected
1 -0.000260425 0 -0.0538598 
0.000260425 1 0 392.815 
-0 0 1 0 
0 0 0 1 
expected needle
-0.0662821 440.515 -115
actual needle
-22.3215 165.538 523.247
difference vector
-22.2552 -274.977 638.247
difference magnitude
695.318
-0.0662821, 435.515
F_OM1
0.997401 0.0498784 0.0519879 89.7001 
0.0358858 -0.969655 0.24183 -139.067 
0.0624724 -0.239336 -0.968925 1188.74 
0 0 0 1 
F_OM2
0.990611 0.0104945 -0.136307 68.8804 
-0.132552 -0.170296 -0.976437 13.3847 
-0.0334597 0.985337 -0.167306 793.462 
0 0 0 1 
F_RN measured
0.98119 0.0659124 0.181445 -0.38419 
0.185948 -0.0701749 -0.98005 56.6353 
-0.0518646 0.995355 -0.0811111 462.97 
0 0 0 1 
F_RN expected
1 -0.000265644 0 -0.0536109 
0.000265644 1 0 387.815 
-0 0 1 0 
0 0 0 1 
expected needle
-0.0662821 435.515 -115
actual needle
-18.1063 165.994 519.777
difference vector
-18.04 -269.521 634.777
difference magnitude
689.861
-0.0662821, 430.515
F_OM1
0.997382 0.0501419 0.052106 89.6849 
0.0360293 -0.969323 0.243135 -138.963 
0.0626988 -0.240621 -0.968592 1188.7 
0 0 0 1 
F_OM2
0.991745 0.0101453 -0.127827 68.6359 
-0.124513 -0.162056 -0.978894 12.1019 
-0.0306464 0.986729 -0.159455 798.158 
0 0 0 1 
F_RN measured
0.98274 0.0661467 0.172759 -0.294488 
0.177796 -0.0798342 -0.980824 56.1683 
-0.0510862 0.994611 -0.0902169 458.166 
0 0 0 1 
F_RN expected
1 -0.000271076 0 -0.0533518 
0.000271076 1 0 382.815 
-0 0 1 0 
0 0 0 1 
expected needle
-0.0662821 430.515 -115
actual needle
-17.0066 165.155 515.984
difference vector
-16.9403 -265.36 630.984
difference magnitude
684.722
-0.0662821, 410.515
F_OM1
0.997425 0.0500089 0.0514133 89.7067 
0.0360954 -0.969431 0.242695 -139.036 
0.0619785 -0.240214 -0.968739 1188.66 
0 0 0 1 
F_OM2
0.996154 0.00413976 -0.0875201 67.3972 
-0.0858776 -0.151967 -0.984648 6.9231 
-0.0173764 0.988377 -0.151027 817.452 
0 0 0 1 
F_RN measured
0.989412 0.059902 0.132196 0.0587696 
0.137243 -0.0898933 -0.98645 56.4137 
-0.0472067 0.994148 -0.0971626 438.195 
0 0 0 1 
F_RN expected
1 -0.000295223 0 -0.0521999 
0.000295223 1 0 362.815 
-0 0 1 0 
0 0 0 1 
expected needle
-0.0662821 410.515 -115
actual needle
-12.2865 165.568 496.79
difference vector
-12.2202 -244.947 611.79
difference magnitude
659.117
-0.0662821, 390.515
F_OM1
0.997424 0.0499698 0.0514542 89.6933 
0.0360932 -0.969609 0.241981 -139.062 
0.0619823 -0.239501 -0.968916 1188.74 
0 0 0 1 
F_OM2
0.99682 0.00228707 -0.0796542 66.169 
-0.0783516 -0.154101 -0.984944 2.21995 
-0.0145274 0.988052 -0.153432 836.782 
0 0 0 1 
F_RN measured
0.990524 0.0579609 0.124509 0.344912 
0.129261 -0.0871076 -0.987777 56.7687 
-0.0464068 0.994511 -0.0937742 418.277 
0 0 0 1 
F_RN expected
1 -0.000324094 0 -0.0508228 
0.000324094 1 0 342.815 
-0 0 1 0 
0 0 0 1 
expected needle
-0.0662821 390.515 -115
actual needle
-11.2089 166.208 476.499
difference vector
-11.1426 -224.307 591.499
difference magnitude
632.7
-0.0662821, 410.515
F_OM1
0.997439 0.0497865 0.0513454 89.6749 
0.0360955 -0.97021 0.23956 -139.13 
0.0617427 -0.237093 -0.969523 1188.95 
0 0 0 1 
F_OM2
0.998618 -0.00306892 -0.052457 66.5239 
-0.0521063 -0.186808 -0.981014 7.69657 
-0.00678875 0.982392 -0.18671 819.591 
0 0 0 1 
F_RN measured
0.993761 0.0508515 0.0992608 1.10324 
0.101881 -0.0518278 -0.993446 57.9615 
-0.0453737 0.997361 -0.0566853 436.087 
0 0 0 1 
F_RN expected
1 -0.000295223 0 -0.0521999 
0.000295223 1 0 362.815 
-0 0 1 0 
0 0 0 1 
expected needle
-0.0662821 410.515 -115
actual needle
-7.88613 169.736 490.18
difference vector
-7.81985 -240.779 605.18
difference magnitude
651.367
-0.0662821, 430.515
F_OM1
0.997389 0.0498615 0.052246 89.6916 
0.035915 -0.970067 0.240168 -139.111 
0.0626572 -0.237664 -0.969324 1188.92 
0 0 0 1 
F_OM2
0.996659 -0.00103683 -0.0816717 67.6484 
-0.0802373 -0.199425 -0.976623 12.8509 
-0.0152748 0.979913 -0.198842 800.212 
0 0 0 1 
F_RN measured
0.990217 0.0532021 0.128993 1.15913 
0.131161 -0.039486 -0.990574 57.6932 
-0.0476072 0.997803 -0.0460778 456.056 
0 0 0 1 
F_RN expected
1 -0.000271076 0 -0.0533518 
0.000271076 1 0 382.815 
-0 0 1 0 
0 0 0 1 
expected needle
-0.0662821 430.515 -115
actual needle
-11.1373 169.726 508.951
difference vector
-11.071 -260.789 623.951
difference magnitude
676.349
-0.0662821, 435.515
F_OM1
0.99741 0.049746 0.0519485 89.6888 
0.0359314 -0.970288 0.239268 -139.131 
0.0623077 -0.236782 -0.969563 1188.99 
0 0 0 1 
F_OM2
0.996108 0.00128633 -0.0881279 67.6646 
-0.0859458 -0.20741 -0.974471 14.3143 
-0.0195321 0.978253 -0.206492 795.679 
0 0 0 1 
F_RN measured
0.989223 0.0547832 0.13578 1.1533 
0.137569 -0.0303218 -0.990028 58.154 
-0.0501198 0.998038 -0.0375316 460.779 
0 0 0 1 
F_RN expected
1 -0.000265644 0 -0.0536109 
0.000265644 1 0 387.815 
-0 0 1 0 
0 0 0 1 
expected needle
-0.0662821 435.515 -115
actual needle
-11.8482 170.561 512.701
difference vector
-11.7819 -264.954 627.701
difference magnitude
681.431
-0.0662821, 440.515
F_OM1
0.997357 0.0498032 0.0528949 89.6958 
0.035731 -0.970178 0.239747 -139.129 
0.0632576 -0.237224 -0.969393 1188.98 
0 0 0 1 
F_OM2
0.994865 0.000514469 -0.101206 68.2251 
-0.0988936 -0.207665 -0.973188 15.4523 
-0.0215177 0.9782 -0.206548 790.739 
0 0 0 1 
F_RN measured
0.987342 0.0549716 0.148777 1.19938 
0.150596 -0.0305547 -0.988123 57.8645 
-0.0497729 0.99802 -0.0384464 465.857 
0 0 0 1 
F_RN expected
1 -0.000260425 0 -0.0538598 
0.000260425 1 0 392.815 
-0 0 1 0 
0 0 0 1 
expected needle
-0.0662821 440.515 -115
actual needle
-13.2879 170.041 517.884
difference vector
-13.2216 -270.474 632.884
difference magnitude
688.384
-0.0662821, 450.515
F_OM1
0.997379 0.049702 0.0525876 89.6837 
0.0358235 -0.970621 0.237931 -139.173 
0.0628682 -0.235423 -0.969857 1189.12 
0 0 0 1 
F_OM2
0.98843 0.00495355 -0.151594 68.5356 
-0.146382 -0.230582 -0.961979 18.4367 
-0.0397202 0.97304 -0.22719 781.428 
0 0 0 1 
F_RN measured
0.978098 0.0578536 0.199942 0.831212 
0.20056 -0.0050217 -0.979669 58.5756 
-0.0556733 0.998312 -0.0165148 475.538 
0 0 0 1 
F_RN expected
1 -0.00025058 0 -0.0543294 
0.00025058 1 0 402.815 
-0 0 1 0 
0 0 0 1 
expected needle
-0.0662821 450.515 -115
actual needle
-19.4024 170.998 525.057
difference vector
-19.3362 -279.517 640.057
difference magnitude
698.696
-0.0662821, 460.515
F_OM1
0.99734 0.0496729 0.0533393 89.6942 
0.0356737 -0.970836 0.237076 -139.197 
0.0635599 -0.234542 -0.970026 1189.21 
0 0 0 1 
F_OM2
0.972461 0.00913852 -0.232887 68.721 
-0.22217 -0.265607 -0.938133 21.6186 
-0.0704296 0.964038 -0.256262 772.043 
0 0 0 1 
F_RN measured
0.957472 0.0609132 0.282022 0.911624 
0.280514 0.0322072 -0.959309 58.6812 
-0.0675178 0.997623 0.0137505 485.268 
0 0 0 1 
F_RN expected
1 -0.000241452 0 -0.0547649 
0.000241452 1 0 412.815 
-0 0 1 0 
0 0 0 1 
expected needle
-0.0662821 460.515 -115
actual needle
-28.6154 170.538 531.273
difference vector
-28.5491 -289.977 646.273
difference magnitude
708.922
-0.0662821, 450.515
F_OM1
0.99737 0.0501667 0.0523128 89.7219 
0.0360211 -0.969392 0.242861 -139.035 
0.0628952 -0.240338 -0.968649 1188.67 
0 0 0 1 
F_OM2
0.957991 0.0194886 -0.286136 69.4066 
-0.272623 -0.247907 -0.929634 18.8137 
-0.0890523 0.968588 -0.232179 779.251 
0 0 0 1 
F_RN measured
0.94005 0.071427 0.333473 -1.0382 
0.33374 0.00850789 -0.942627 55.5739 
-0.0701661 0.99741 -0.0158402 477.629 
0 0 0 1 
F_RN expected
1 -0.00025058 0 -0.0543294 
0.00025058 1 0 402.815 
-0 0 1 0 
0 0 0 1 
expected needle
-0.0662821 450.515 -115
actual needle
-35.9805 164.382 527.027
difference vector
-35.9142 -286.133 642.027
difference magnitude
703.819
-0.0662821, 440.515
F_OM1
0.997373 0.050004 0.0524153 89.7106 
0.0358231 -0.969341 0.243096 -139.037 
0.062964 -0.24058 -0.968585 1188.67 
0 0 0 1 
F_OM2
0.969264 0.0180191 -0.245364 68.6935 
-0.234121 -0.238908 -0.942396 16.4412 
-0.0756004 0.970875 -0.227346 788.645 
0 0 0 1 
F_RN measured
0.95357 0.0705435 0.292793 -0.536773 
0.293598 -0.00108874 -0.955928 55.8058 
-0.0671158 0.997508 -0.0217496 467.956 
0 0 0 1 
F_RN expected
1 -0.000260425 0 -0.0538598 
0.000260425 1 0 392.815 
-0 0 1 0 
0 0 0 1 
expected needle
-0.0662821 440.515 -115
actual needle
-30.8431 165.686 518.038
difference vector
-30.7768 -274.829 633.038
difference magnitude
690.808
-0.0662821, 435.515
F_OM1
0.997418 0.0498903 0.0516506 89.7025 
0.035952 -0.96955 0.242242 -139.054 
0.0621633 -0.239759 -0.96884 1188.7 
0 0 0 1 
F_OM2
0.978442 0.0171882 -0.205804 68.2965 
-0.196725 -0.225705 -0.954126 14.9943 
-0.0628509 0.974044 -0.217458 793.527 
0 0 0 1 
F_RN measured
0.964936 0.069579 0.253094 -0.493258 
0.254618 -0.0138462 -0.966942 56.3845 
-0.0637745 0.99748 -0.0310768 462.923 
0 0 0 1 
F_RN expected
1 -0.000265644 0 -0.0536109 
0.000265644 1 0 387.815 
-0 0 1 0 
0 0 0 1 
expected needle
-0.0662821 435.515 -115
actual needle
-26.2801 166.922 514.076
difference vector
-26.2138 -268.593 629.076
difference magnitude
684.519
-0.0662821, 430.515
F_OM1
0.997374 0.0499388 0.0524494 89.7024 
0.0357887 -0.969485 0.242524 -139.05 
0.0629603 -0.24001 -0.968727 1188.71 
0 0 0 1 
F_OM2
0.980687 0.0168254 -0.194857 68.1178 
-0.186514 -0.219391 -0.957643 13.5851 
-0.0588626 0.975492 -0.212016 798.138 
0 0 0 1 
F_RN measured
0.967731 0.0703467 0.241966 -0.175573 
0.243924 -0.0205912 -0.969576 56.2251 
-0.0632241 0.99731 -0.0370861 458.133 
0 0 0 1 
F_RN expected
1 -0.000271076 0 -0.0533518 
0.000271076 1 0 382.815 
-0 0 1 0 
0 0 0 1 
expected needle
-0.0662821 430.515 -115
actual needle
-24.6462 166.744 509.97
difference vector
-24.5799 -263.771 624.97
difference magnitude
678.798
-0.0662821, 435.515
F_OM1
0.997421 0.0497847 0.0517021 89.683 
0.0359838 -0.970118 0.239951 -139.117 
0.062103 -0.237472 -0.969407 1188.94 
0 0 0 1 
F_OM2
0.986367 0.0101295 -0.164246 67.0837 
-0.155949 -0.261048 -0.952646 15.8716 
-0.0525258 0.965273 -0.25591 795.708 
0 0 0 1 
F_RN measured
0.97495 0.0606562 0.213995 0.98226 
0.212869 0.0245264 -0.976773 57.7705 
-0.0644959 0.997857 0.0110002 460.837 
0 0 0 1 
F_RN expected
1 -0.000265644 0 -0.0536109 
0.000265644 1 0 387.815 
-0 0 1 0 
0 0 0 1 
expected needle
-0.0662821 435.515 -115
actual needle
-20.7338 171.269 507.17
difference vector
-20.6675 -264.246 622.17
difference magnitude
676.275
-0.0662821, 440.515
F_OM1
0.997372 0.0498432 0.0525726 89.6961 
0.0358383 -0.970142 0.239874 -139.126 
0.062959 -0.23736 -0.969379 1188.97 
0 0 0 1 
F_OM2
0.98455 0.0095706 -0.174843 67.59 
-0.166449 -0.258906 -0.951453 16.9737 
-0.054374 0.965855 -0.253313 790.859 
0 0 0 1 
F_RN measured
0.972574 0.061076 0.224431 1.04665 
0.223458 0.0223977 -0.974456 57.762 
-0.0645426 0.997882 0.0081355 465.834 
0 0 0 1 
F_RN expected
1 -0.000260425 0 -0.0538598 
0.000260425 1 0 392.815 
-0 0 1 0 
0 0 0 1 
expected needle
-0.0662821 440.515 -115
actual needle
-21.8495 170.893 512.498
difference vector
-21.7833 -269.622 627.498
difference magnitude
683.319
-0.0662821, 450.515
F_OM1
0.997371 0.0496952 0.0527338 89.6871 
0.0358045 -0.970705 0.237591 -139.179 
0.0629961 -0.235078 -0.969933 1189.13 
0 0 0 1 
F_OM2
0.982512 0.00996399 -0.185934 68.2259 
-0.177408 -0.253136 -0.951025 19.072 
-0.0565427 0.967379 -0.246942 781.48 
0 0 0 1 
F_RN measured
0.970015 0.0618155 0.235053 0.868007 
0.234329 0.018806 -0.971975 58.6572 
-0.0645036 0.99791 0.00375694 475.515 
0 0 0 1 
F_RN expected
1 -0.00025058 0 -0.0543294 
0.00025058 1 0 402.815 
-0 0 1 0 
0 0 0 1 
expected needle
-0.0662821 450.515 -115
actual needle
-23.2145 171.331 522.683
difference vector
-23.1482 -279.184 637.683
difference magnitude
696.505
-0.0662821, 460.515
F_OM1
0.997376 0.0497092 0.052628 89.6851 
0.0358448 -0.97071 0.237563 -139.183 
0.0628957 -0.235054 -0.969945 1189.15 
0 0 0 1 
F_OM2
0.957337 0.0108783 -0.288768 68.2248 
-0.272696 -0.29664 -0.915228 22.3745 
-0.0956164 0.954927 -0.281018 772.139 
0 0 0 1 
F_RN measured
0.939037 0.0602776 0.338491 0.765375 
0.334772 0.0640334 -0.940121 58.2191 
-0.078343 0.996126 0.0399505 485.231 
0 0 0 1 
F_RN expected
1 -0.000241452 0 -0.0547649 
0.000241452 1 0 412.815 
-0 0 1 0 
0 0 0 1 
expected needle
-0.0662821 460.515 -115
actual needle
-35.2859 169.387 528.152
difference vector
-35.2196 -291.128 643.152
difference magnitude
706.852
-0.0662821, 450.515
F_OM1
0.99739 0.0499837 0.0521079 89.7007 
0.0358944 -0.969403 0.242836 -139.043 
0.0626514 -0.240331 -0.968667 1188.69 
0 0 0 1 
F_OM2
0.941858 0.0157875 -0.335641 69.1987 
-0.318202 -0.278984 -0.906044 19.4942 
-0.107942 0.960166 -0.257739 779.277 
0 0 0 1 
F_RN measured
0.921215 0.0658881 0.383434 -1.07364 
0.381485 0.0404789 -0.923488 55.2396 
-0.0763679 0.997006 0.0121545 477.646 
0 0 0 1 
F_RN expected
1 -0.00025058 0 -0.0543294 
0.00025058 1 0 402.815 
-0 0 1 0 
0 0 0 1 
expected needle
-0.0662821 450.515 -115
actual needle
-42.0257 163.372 523.805
difference vector
-41.9595 -287.143 638.805
difference magnitude
701.63
-0.0662821, 440.515
F_OM1
0.997366 0.0499522 0.0525939 89.7019 
0.0357666 -0.969485 0.242529 -139.053 
0.0631038 -0.240009 -0.968717 1188.71 
0 0 0 1 
F_OM2
0.956443 0.0150027 -0.291535 68.4477 
-0.276525 -0.27347 -0.921275 17.2649 
-0.0935477 0.961763 -0.25741 788.745 
0 0 0 1 
F_RN measured
0.93813 0.0658731 0.339961 -0.396077 
0.338316 0.0350426 -0.94038 55.7848 
-0.0738588 0.997212 0.0105886 467.881 
0 0 0 1 
F_RN expected
1 -0.000260425 0 -0.0538598 
0.000260425 1 0 392.815 
-0 0 1 0 
0 0 0 1 
expected needle
-0.0662821 440.515 -115
actual needle
-36.3494 165.6 514.23
difference vector
-36.2832 -274.915 629.23
difference magnitude
687.623
-0.0662821, 435.515
F_OM1
0.997396 0.0498052 0.0521692 89.679 
0.0357831 -0.969705 0.241645 -139.074 
0.0626239 -0.239149 -0.968961 1188.76 
0 0 0 1 
F_OM2
0.96772 0.0152976 -0.251562 68.072 
-0.239116 -0.259653 -0.93563 15.8834 
-0.0796317 0.965581 -0.247613 793.574 
0 0 0 1 
F_RN measured
0.951657 0.066435 0.299893 -0.284764 
0.299113 0.0216306 -0.953972 56.458 
-0.0698641 0.997556 0.000713343 462.914 
0 0 0 1 
F_RN expected
1 -0.000265644 0 -0.0536109 
0.000265644 1 0 387.815 
-0 0 1 0 
0 0 0 1 
expected needle
-0.0662821 435.515 -115
actual needle
-31.6035 167.197 510.415
difference vector
-31.5373 -268.318 625.415
difference magnitude
681.273
-0.0662821, 430.515
F_OM1
0.997368 0.0500017 0.0525152 89.7091 
0.0358148 -0.969411 0.242818 -139.046 
0.0630501 -0.240298 -0.968649 1188.69 
0 0 0 1 
F_OM2
0.970929 0.0154517 -0.238868 67.917 
-0.227363 -0.252524 -0.940499 14.5238 
-0.0748521 0.967467 -0.241669 798.166 
0 0 0 1 
F_RN measured
0.955511 0.0673658 0.28716 -0.137912 
0.286943 0.0130917 -0.957858 56.0103 
-0.0682863 0.997642 -0.00682091 458.141 
0 0 0 1 
F_RN expected
1 -0.000271076 0 -0.0533518 
0.000271076 1 0 382.815 
-0 0 1 0 
0 0 0 1 
expected needle
-0.0662821 430.515 -115
actual needle
-29.948 166.788 506.513
difference vector
-29.8817 -263.727 621.513
difference magnitude
675.812
-0.0662821, 410.515
F_OM1
0.997424 0.0498316 0.0515967 89.6889 
0.0359159 -0.969582 0.242117 -139.063 
0.0620923 -0.23964 -0.968874 1188.73 
0 0 0 1 
F_OM2
0.982587 0.0123881 -0.18539 66.6298 
-0.17671 -0.246011 -0.953023 9.54478 
-0.0574141 0.969188 -0.239538 817.51 
0 0 0 1 
F_RN measured
0.970144 0.0636996 0.234014 0.11299 
0.234058 0.00688877 -0.972198 56.4234 
-0.0635407 0.997945 -0.00822628 438.168 
0 0 0 1 
F_RN expected
1 -0.000295223 0 -0.0521999 
0.000295223 1 0 362.815 
-0 0 1 0 
0 0 0 1 
expected needle
-0.0662821 410.515 -115
actual needle
-23.7602 168.555 486.716
difference vector
-23.6939 -241.96 601.716
difference magnitude
648.975
-0.0662821, 390.515
F_OM1
0.997419 0.0500256 0.0514987 89.7117 
0.0361364 -0.969606 0.241988 -139.061 
0.0620391 -0.239502 -0.968912 1188.71 
0 0 0 1 
F_OM2
0.986364 0.0136443 -0.16401 65.4148 
-0.155575 -0.247761 -0.956248 4.99427 
-0.0536826 0.968725 -0.24226 836.82 
0 0 0 1 
F_RN measured
0.974867 0.0647547 0.213171 0.344941 
0.213047 0.00890155 -0.977001 56.7285 
-0.065163 0.997862 -0.00511796 418.258 
0 0 0 1 
F_RN expected
1 -0.000324094 0 -0.0508228 
0.000324094 1 0 342.815 
-0 0 1 0 
0 0 0 1 
expected needle
-0.0662821 390.515 -115
actual needle
-21.081 169.508 466.445
difference vector
-21.0147 -221.007 581.445
difference magnitude
622.385
-0.0662821, 410.515
F_OM1
0.997424 0.0497707 0.0516591 89.685 
0.0359956 -0.970176 0.239714 -139.133 
0.0620492 -0.237237 -0.969468 1188.94 
0 0 0 1 
F_OM2
0.988399 0.0100272 -0.15155 65.6734 
-0.142788 -0.278736 -0.949694 10.3869 
-0.0517654 0.960315 -0.274071 819.669 
0 0 0 1 
F_RN measured
0.977501 0.0595549 0.202351 1.17302 
0.200003 0.0430995 -0.978847 57.8062 
-0.0670163 0.997294 0.0302186 436.117 
0 0 0 1 
F_RN expected
1 -0.000295223 0 -0.0521999 
0.000295223 1 0 362.815 
-0 0 1 0 
0 0 0 1 
expected needle
-0.0662821 410.515 -115
actual needle
-19.2565 172.429 480.213
difference vector
-19.1902 -238.086 595.213
difference magnitude
641.351
-0.0662821, 430.515
F_OM1
0.997383 0.0498577 0.0523568 89.6902 
0.0358691 -0.970008 0.240411 -139.122 
0.0627729 -0.237904 -0.969258 1188.92 
0 0 0 1 
F_OM2
0.980902 0.00912137 -0.19429 66.7464 
-0.183538 -0.287258 -0.940104 15.3408 
-0.0643866 0.95781 -0.280098 800.344 
0 0 0 1 
F_RN measured
0.96771 0.0589183 0.245085 1.21118 
0.242257 0.0512311 -0.968859 57.3991 
-0.0696395 0.996947 0.0353034 456.068 
0 0 0 1 
F_RN expected
1 -0.000271076 0 -0.0533518 
0.000271076 1 0 382.815 
-0 0 1 0 
0 0 0 1 
expected needle
-0.0662821 430.515 -115
actual needle
-24.1632 171.262 499.563
difference vector
-24.0969 -259.253 614.563
difference magnitude
667.443
-0.0662821, 435.515
F_OM1
0.997408 0.0496813 0.052055 89.6776 
0.0358419 -0.970287 0.239287 -139.156 
0.0623964 -0.236801 -0.969552 1188.99 
0 0 0 1 
F_OM2
0.978526 0.00963878 -0.205896 66.8076 
-0.194128 -0.292673 -0.936299 16.7116 
-0.0692851 0.956164 -0.284517 795.803 
0 0 0 1 
F_RN measured
0.964709 0.058785 0.256674 1.17386 
0.253381 0.0580353 -0.965624 57.9217 
-0.0716604 0.996582 0.0410921 460.81 
0 0 0 1 
F_RN expected
1 -0.000265644 0 -0.0536109 
0.000265644 1 0 387.815 
-0 0 1 0 
0 0 0 1 
expected needle
-0.0662821 435.515 -115
actual needle
-25.5396 171.737 503.621
difference vector
-25.4733 -263.778 618.621
difference magnitude
672.993
-0.0662821, 440.515
F_OM1
0.997367 0.0497606 0.0527558 89.6868 
0.035744 -0.970258 0.239419 -139.152 
0.0631003 -0.236903 -0.969482 1189.01 
0 0 0 1 
F_OM2
0.975256 0.0100561 -0.22085 67.2837 
-0.208479 -0.290589 -0.93386 17.7855 
-0.0735677 0.956795 -0.281303 790.902 
0 0 0 1 
F_RN measured
0.960594 0.0600169 0.271399 1.15517 
0.268236 0.05578 -0.961737 57.7727 
-0.0728591 0.996638 0.0374832 465.849 
0 0 0 1 
F_RN expected
1 -0.000260425 0 -0.0538598 
0.000260425 1 0 392.815 
-0 0 1 0 
0 0 0 1 
expected needle
-0.0662821 440.515 -115
actual needle
-27.1929 171.033 509.078
difference vector
-27.1266 -269.482 624.078
difference magnitude
680.316
-0.0662821, 450.515
F_OM1
0.997382 0.0496704 0.0525591 89.6746 
0.0358037 -0.970638 0.237866 -139.191 
0.0628307 -0.235361 -0.969875 1189.12 
0 0 0 1 
F_OM2
0.954046 0.00564744 -0.299607 67.6549 
-0.282167 -0.319681 -0.904536 20.7779 
-0.100887 0.947508 -0.303397 781.608 
0 0 0 1 
F_RN measured
0.935107 0.0537195 0.350271 0.884447 
0.345015 0.0875683 -0.934503 58.1007 
-0.0808737 0.994709 0.0633517 475.545 
0 0 0 1 
F_RN expected
1 -0.00025058 0 -0.0543294 
0.00025058 1 0 402.815 
-0 0 1 0 
0 0 0 1 
expected needle
-0.0662821 450.515 -115
actual needle
-36.8343 169.746 515.707
difference vector
-36.768 -280.769 630.707
difference magnitude
691.357
-0.0662821, 460.515
F_OM1
0.99735 0.04967 0.0531559 89.6856 
0.0357075 -0.97081 0.237176 -139.213 
0.0633848 -0.234649 -0.970011 1189.2 
0 0 0 1 
F_OM2
0.916077 -0.00477138 -0.400975 67.9376 
-0.377017 -0.350889 -0.857167 23.108 
-0.136608 0.936405 -0.32324 772.194 
0 0 0 1 
F_RN measured
0.891528 0.0420658 0.451008 1.14939 
0.443569 0.120683 -0.888078 57.2647 
-0.0917866 0.991799 0.088933 485.203 
0 0 0 1 
F_RN expected
1 -0.000241452 0 -0.0547649 
0.000241452 1 0 412.815 
-0 0 1 0 
0 0 0 1 
expected needle
-0.0662821 460.515 -115
actual needle
-48.71 165.15 522.285
difference vector
-48.6437 -295.365 637.285
difference magnitude
704.087
-0.0662821, 450.515
F_OM1
0.997386 0.0500177 0.0521513 89.7117 
0.0359091 -0.969372 0.242957 -139.045 
0.0627062 -0.240449 -0.968634 1188.66 
0 0 0 1 
F_OM2
0.901488 -0.00372407 -0.432789 68.8176 
-0.407611 -0.343497 -0.846087 20.3031 
-0.145511 0.939146 -0.311176 779.431 
0 0 0 1 
F_RN measured
0.87537 0.0428413 0.481552 -0.588074 
0.475205 0.106973 -0.873348 53.8742 
-0.0889285 0.993339 0.0732826 477.418 
0 0 0 1 
F_RN expected
1 -0.00025058 0 -0.0543294 
0.00025058 1 0 402.815 
-0 0 1 0 
0 0 0 1 
expected needle
-0.0662821 450.515 -115
actual needle
-53.9231 159.412 516.373
difference vector
-53.8568 -291.103 631.373
difference magnitude
697.333
-0.0662821, 440.515
F_OM1
0.99725 0.0497331 0.0549422 85.9407 
0.0349668 -0.969435 0.242844 -138.232 
0.0653403 -0.240255 -0.968508 1188.69 
0 0 0 1 
F_OM2
0.919215 -0.0044332 -0.393731 65.6091 
-0.371705 -0.339703 -0.863966 19.2617 
-0.129922 0.940522 -0.313908 788.779 
0 0 0 1 
F_RN measured
0.895201 0.0451546 0.44337 -0.323608 
0.437273 0.103135 -0.893395 54.5892 
-0.0860677 0.993642 0.0725813 467.843 
0 0 0 1 
F_RN expected
1 -0.000260425 0 -0.0538598 
0.000260425 1 0 392.815 
-0 0 1 0 
0 0 0 1 
expected needle
-0.0662821 440.515 -115
actual needle
-49.1572 162.249 506.893
difference vector
-49.0909 -278.266 621.893
difference magnitude
683.076
-0.0662821, 435.515
F_OM1
0.997308 0.0496009 0.0539977 85.9331 
0.0351267 -0.969658 0.24193 -138.249 
0.0643592 -0.239383 -0.96879 1188.71 
0 0 0 1 
F_OM2
0.938186 -0.00026205 -0.346132 65.0651 
-0.326713 -0.330911 -0.8853 18.3606 
-0.114307 0.943662 -0.310541 793.75 
0 0 0 1 
F_RN measured
0.916827 0.0488482 0.396284 -0.338968 
0.390698 0.0949611 -0.915608 55.6798 
-0.0823574 0.994282 0.067978 462.797 
0 0 0 1 
F_RN expected
1 -0.000265644 0 -0.0536109 
0.000265644 1 0 387.815 
-0 0 1 0 
0 0 0 1 
expected needle
-0.0662821 435.515 -115
actual needle
-43.5816 165.504 502.406
difference vector
-43.5153 -270.011 617.406
difference magnitude
675.27
-0.0662821, 430.515
F_OM1
0.997249 0.0496354 0.055058 85.9382 
0.034877 -0.969561 0.242354 -138.252 
0.0654114 -0.239767 -0.968624 1188.73 
0 0 0 1 
F_OM2
0.943546 0.00191511 -0.331237 64.8656 
-0.312463 -0.326772 -0.891957 17.0551 
-0.109947 0.945101 -0.307726 798.344 
0 0 0 1 
F_RN measured
0.92286 0.0523334 0.381563 0.0464137 
0.376147 0.090317 -0.922148 55.527 
-0.0827208 0.994537 0.0636649 458.03 
0 0 0 1 
