F_M2N
-1 -1.22463e-16 0 0.00558085 
1.22465e-16 -1 0 28.3789 
-0 0 1 -5.49509 
0 0 0 1 
F_M1R
-1 0 0 -37.5 
0 -1 0 -5 
0 0 1 -71.99 
0 0 0 1 
-0.0662821, 430.515
F_OM1
0.992954 0.0484884 0.108125 88.5129 
0.0267373 -0.980596 0.194207 -110.222 
0.115444 -0.189948 -0.974983 1059.03 
0 0 0 1 
F_OM2
0.994441 -0.0995416 0.0343414 88.9504 
0.0206732 -0.135223 -0.990599 42.1938 
0.10325 0.985802 -0.132414 670.905 
0 0 0 1 
F_RN measured
0.999906 0.0113488 0.00767285 2.42739 
0.00833478 -0.0594781 -0.998195 77.8858 
-0.0108719 0.998165 -0.0595671 452.056 
0 0 0 1 
F_RN expected
1 -0.000320955 0 -0.0509725 
0.000320955 1 0 382.815 
-0 0 1 0 
0 0 0 1 
expected needle
-0.0662821 430.515 -115
actual needle
2.08635 189.841 506.518
difference vector
2.15263 -240.674 621.518
difference magnitude
666.493
-0.0662821, 435.515
F_OM1
0.992987 0.0479889 0.108043 88.4697 
0.0264688 -0.980952 0.192438 -110.26 
0.11522 -0.188229 -0.975343 1059.16 
0 0 0 1 
F_OM2
0.995047 -0.0924561 0.0365236 89.0573 
0.0226196 -0.147192 -0.988849 43.806 
0.0968011 0.984777 -0.144371 666.448 
0 0 0 1 
F_RN measured
0.999821 0.0177625 0.00654064 2.54076 
0.00734167 -0.0454126 -0.998941 78.9618 
-0.0174467 0.99881 -0.0455348 456.632 
0 0 0 1 
F_RN expected
1 -0.000313368 0 -0.0513344 
0.000313368 1 0 387.815 
-0 0 1 0 
0 0 0 1 
expected needle
-0.0662821 435.515 -115
actual needle
2.63586 191.674 509.511
difference vector
2.70214 -243.841 624.511
difference magnitude
670.433
-0.0662821, 440.515
F_OM1
0.992858 0.0481245 0.109163 88.4859 
0.026323 -0.980847 0.192994 -110.274 
0.11636 -0.188743 -0.975109 1059.16 
0 0 0 1 
F_OM2
0.995421 -0.0913364 0.0281948 89.8223 
0.0142618 -0.149749 -0.988621 45.042 
0.0945192 0.984496 -0.147761 661.556 
0 0 0 1 
F_RN measured
0.999685 0.0199296 0.0152233 2.69531 
0.0160757 -0.0433312 -0.998931 78.9505 
-0.0192487 0.998862 -0.043638 461.714 
0 0 0 1 
F_RN expected
1 -0.000306132 0 -0.0516796 
0.000306132 1 0 392.815 
-0 0 1 0 
0 0 0 1 
expected needle
-0.0662821 440.515 -115
actual needle
1.89526 191.761 514.378
difference vector
1.96154 -248.754 629.378
difference magnitude
676.757
-0.0662821, 450.515
F_OM1
0.992957 0.0479818 0.108326 88.4766 
0.0265265 -0.981147 0.191436 -110.309 
0.11547 -0.187214 -0.975509 1059.26 
0 0 0 1 
F_OM2
0.996919 -0.0784037 0.00212726 90.4203 
-0.0110672 -0.167469 -0.985815 48.0435 
0.0776479 0.982755 -0.167821 652.152 
0 0 0 1 
F_RN measured
0.99857 0.0311844 0.0434161 2.24915 
0.0441558 -0.0234359 -0.99875 80.2104 
-0.030128 0.999239 -0.0247793 471.433 
0 0 0 1 
F_RN expected
1 -0.000292617 0 -0.0523243 
0.000292617 1 0 402.815 
-0 0 1 0 
0 0 0 1 
expected needle
-0.0662821 450.515 -115
actual needle
-1.2562 193.949 521.947
difference vector
-1.18992 -256.566 636.947
difference magnitude
686.68
-0.0662821, 460.515
F_OM1
0.992964 0.0471246 0.108639 88.4028 
0.0257109 -0.981318 0.19067 -110.32 
0.115595 -0.186535 -0.975624 1059.33 
0 0 0 1 
F_OM2
0.996677 -0.0747734 -0.0323094 91.4208 
-0.045919 -0.188152 -0.981066 51.1001 
0.0672786 0.979289 -0.190961 642.781 
0 0 0 1 
F_RN measured
0.99626 0.0341159 0.0793802 2.09372 
0.0794794 -0.00155804 -0.996835 81.0835 
-0.0338843 0.999417 -0.00426373 481.15 
0 0 0 1 
F_RN expected
1 -0.000280245 0 -0.0529144 
0.000280245 1 0 412.815 
-0 0 1 0 
0 0 0 1 
expected needle
-0.0662821 460.515 -115
actual needle
-5.40767 195.645 529.313
difference vector
-5.34139 -264.87 644.313
difference magnitude
696.652
-0.0662821, 450.515
F_OM1
0.992897 0.0487169 0.10855 88.5412 
0.0263119 -0.979648 0.198991 -110.186 
0.116035 -0.194721 -0.973971 1058.64 
0 0 0 1 
F_OM2
0.994664 -0.0675251 -0.0780053 92.3458 
-0.086306 -0.130303 -0.987711 47.3809 
0.0565309 0.989172 -0.135436 649.474 
0 0 0 1 
F_RN measured
0.991887 0.0443043 0.119155 0.135921 
0.121999 -0.0682509 -0.990181 76.8797 
-0.0357368 0.996684 -0.0731022 474.386 
0 0 0 1 
F_RN expected
1 -0.000292617 0 -0.0523243 
0.000292617 1 0 402.815 
-0 0 1 0 
0 0 0 1 
expected needle
-0.0662821 450.515 -115
actual needle
-11.4536 187.495 530.335
difference vector
-11.3873 -263.02 645.335
difference magnitude
696.969
-0.0662821, 440.515
F_OM1
0.992825 0.049546 0.108825 88.6103 
0.0270177 -0.97953 0.199477 -110.122 
0.11648 -0.195105 -0.973841 1058.65 
0 0 0 1 
F_OM2
0.995891 -0.0744286 -0.0515941 91.1057 
-0.0601247 -0.117347 -0.991269 44.62 
0.0677244 0.990298 -0.12134 658.892 
0 0 0 1 
F_RN measured
0.99501 0.038285 0.0921394 0.807503 
0.0950229 -0.0819551 -0.992096 76.232 
-0.0304311 0.9959 -0.0851841 464.637 
0 0 0 1 
F_RN expected
1 -0.000306132 0 -0.0516796 
0.000306132 1 0 392.815 
-0 0 1 0 
0 0 0 1 
expected needle
-0.0662821 440.515 -115
actual needle
-7.96233 186.414 521.938
difference vector
-7.89605 -254.101 636.938
difference magnitude
685.798
-0.0662821, 435.515
F_OM1
0.99294 0.0491571 0.107953 88.5747 
0.0268493 -0.979609 0.199114 -110.126 
0.11554 -0.194809 -0.974012 1058.64 
0 0 0 1 
F_OM2
0.99638 -0.0753512 -0.0393551 90.343 
-0.0477467 -0.113019 -0.992445 43.2982 
0.070334 0.990731 -0.116208 663.712 
0 0 0 1 
F_RN measured
0.99619 0.0366153 0.0791503 0.775268 
0.0820505 -0.085993 -0.992911 76.1686 
-0.0295494 0.995623 -0.0886697 459.627 
0 0 0 1 
F_RN expected
1 -0.000313368 0 -0.0513344 
0.000313368 1 0 387.815 
-0 0 1 0 
0 0 0 1 
expected needle
-0.0662821 435.515 -115
actual needle
-6.58047 186.252 517.316
difference vector
-6.51418 -249.263 632.316
difference magnitude
679.704
-0.0662821, 430.515
F_OM1
0.992883 0.0491098 0.108494 88.5669 
0.0266995 -0.979619 0.199084 -110.116 
0.116059 -0.194771 -0.973958 1058.66 
0 0 0 1 
F_OM2
0.996382 -0.0775437 -0.0347808 89.8633 
-0.0429931 -0.106886 -0.993341 41.7935 
0.0733098 0.991243 -0.109833 668.372 
0 0 0 1 
F_RN measured
0.996652 0.0351974 0.0738022 1.04396 
0.0767704 -0.0921656 -0.99278 75.8023 
-0.0281412 0.995121 -0.0945591 454.781 
0 0 0 1 
F_RN expected
1 -0.000320955 0 -0.0509725 
0.000320955 1 0 382.815 
-0 0 1 0 
0 0 0 1 
expected needle
-0.0662821 430.515 -115
actual needle
-5.76438 185.576 513.123
difference vector
-5.69809 -244.939 628.123
difference magnitude
674.215
-0.0662821, 410.515
F_OM1
0.992996 0.0488238 0.107584 88.5439 
0.0266191 -0.979659 0.198896 -110.137 
0.115106 -0.19464 -0.974097 1058.62 
0 0 0 1 
F_OM2
0.996371 -0.0845526 -0.0097526 87.4717 
-0.0179273 -0.0964686 -0.995175 36.5402 
0.0832037 0.991738 -0.0976344 687.672 
0 0 0 1 
F_RN measured
0.998493 0.0276269 0.0474133 1.30856 
0.0500145 -0.102653 -0.993459 74.9171 
-0.0225791 0.994333 -0.103881 434.741 
0 0 0 1 
F_RN expected
1 -0.000355371 0 -0.0493309 
0.000355371 1 0 362.815 
-0 0 1 0 
0 0 0 1 
expected needle
-0.0662821 410.515 -115
actual needle
-2.82616 184.268 494.117
difference vector
-2.75988 -226.247 609.117
difference magnitude
649.783
-0.0662821, 390.515
F_OM1
0.992966 0.0487473 0.107898 88.5441 
0.0265531 -0.979783 0.198293 -110.195 
0.115383 -0.194033 -0.974186 1058.68 
0 0 0 1 
F_OM2
0.997183 -0.073814 -0.013356 84.8367 
-0.02058 -0.0979915 -0.994974 31.6723 
0.0721342 0.992446 -0.0992345 706.841 
0 0 0 1 
F_RN measured
0.997945 0.0386147 0.0511317 1.62832 
0.0547775 -0.100156 -0.993463 74.2125 
-0.0332412 0.994222 -0.102065 414.825 
0 0 0 1 
F_RN expected
1 -0.000398055 0 -0.0472949 
0.000398055 1 0 342.815 
-0 0 1 0 
0 0 0 1 
expected needle
-0.0662821 390.515 -115
actual needle
-2.4099 183.683 473.987
difference vector
-2.34362 -206.832 588.987
difference magnitude
624.252
