F_M2N
-1 -1.22463e-16 0 0.00558085 
1.22465e-16 -1 0 28.3789 
-0 0 1 -5.49509 
0 0 0 1 
F_OM home
0.966642 -0.252023 -0.0456908 112.698 
-0.0903058 -0.168416 -0.981571 27.8763 
0.239683 0.952954 -0.185557 770.304 
0 0 0 1 
F_M1R
-0.999486 -0.0313974 -0.00640665 49.4994 
-0.0105355 0.133158 0.991039 -102.155 
-0.030263 0.990597 -0.133421 -352.542 
0 0 0 1 
0, 415
F_OM1
0.958414 -0.00418582 0.285351 60.6514 
-0.0902552 -0.953016 0.289162 -27.0418 
0.270733 -0.302892 -0.913761 801.122 
0 0 0 1 
F_OM2
0.966961 -0.24829 -0.0577783 110.288 
-0.102597 -0.171555 -0.979818 24.657 
0.233367 0.953373 -0.191361 779.102 
0 0 0 1 
F_RN measured
0.999918 0.00429264 0.0120706 -0.42968 
-0.00440022 0.999951 0.00889965 377.87 
-0.0120318 -0.00895204 0.999888 0.0497697 
0 0 0 1 
F_RN expected
1 0 0 0 
0 1 0 367.3 
0 0 1 0 
0 0 0 1 
expected needle
0 415 -115
actual needle
-1.61304 424.544 -115.364
difference vector
-1.61304 9.54411 -0.36431
difference magnitude
9.68632
0, 410
F_OM1
0.958283 -0.00599746 0.285759 59.2545 
-0.0919874 -0.953059 0.288474 -28.4828 
0.270615 -0.302726 -0.913851 805.778 
0 0 0 1 
F_OM2
0.964564 -0.25556 -0.0656181 109.333 
-0.109083 -0.159803 -0.981103 22.8073 
0.240245 0.953495 -0.182017 783.472 
0 0 0 1 
F_RN measured
0.999873 -0.00357889 0.0155397 -0.527212 
0.00360384 0.999992 -0.00157731 378.221 
-0.0155339 0.00163311 0.999878 0.0874703 
0 0 0 1 
F_RN expected
1 0 0 0 
0 1 0 362.3 
0 0 1 0 
0 0 0 1 
expected needle
0 410 -115
actual needle
-2.48499 426.102 -114.821
difference vector
-2.48499 16.1016 0.179399
difference magnitude
16.2932
0, 405
F_OM1
0.958378 -0.00626372 0.285432 57.8055 
-0.0919027 -0.953314 0.287656 -30.015 
0.270305 -0.301915 -0.914211 810.403 
0 0 0 1 
F_OM2
0.964554 -0.255619 -0.0655385 107.882 
-0.108487 -0.157715 -0.981507 21.1918 
0.240555 0.953827 -0.179856 787.977 
0 0 0 1 
F_RN measured
0.99988 -0.00407859 0.0149126 -0.501227 
0.00412058 0.999988 -0.00278634 378.272 
-0.0149011 0.00284746 0.999885 0.118871 
0 0 0 1 
F_RN expected
1 0 0 0 
0 1 0 357.3 
0 0 1 0 
0 0 0 1 
expected needle
0 405 -115
actual needle
-2.41073 426.292 -114.732
difference vector
-2.41073 21.2917 0.267929
difference magnitude
21.4294
0, 400
F_OM1
0.958334 -0.00696907 0.285566 56.4186 
-0.0922977 -0.953633 0.28647 -31.4673 
0.270329 -0.300891 -0.914542 814.965 
0 0 0 1 
F_OM2
0.964796 -0.255042 -0.0642129 106.448 
-0.106987 -0.157555 -0.981698 19.6988 
0.240257 0.954007 -0.179294 792.504 
0 0 0 1 
F_RN measured
0.999909 -0.00338811 0.0130547 -0.435203 
0.00341194 0.999993 -0.00180387 378.226 
-0.0130485 0.00184825 0.999913 0.128104 
0 0 0 1 
F_RN expected
1 0 0 0 
0 1 0 352.3 
0 0 1 0 
0 0 0 1 
expected needle
0 400 -115
actual needle
-2.09811 426.133 -114.774
difference vector
-2.09811 26.1333 0.226252
difference magnitude
26.2183
0, 390
F_OM1
0.958247 -0.00693196 0.285857 53.6758 
-0.0917371 -0.954313 0.284378 -34.534 
0.270826 -0.298728 -0.915104 824.182 
0 0 0 1 
F_OM2
0.967385 -0.246457 -0.0585326 103.32 
-0.100065 -0.159525 -0.982109 16.6405 
0.23271 0.955934 -0.178984 801.575 
0 0 0 1 
F_RN measured
0.99995 0.00597514 0.00801889 -0.274799 
-0.00598687 0.999981 0.00143909 378.162 
-0.00801014 -0.00148703 0.999967 0.189412 
0 0 0 1 
F_RN expected
1 0 0 0 
0 1 0 342.3 
0 0 1 0 
0 0 0 1 
expected needle
0 390 -115
actual needle
-0.911958 425.696 -114.878
difference vector
-0.911958 35.6957 0.122298
difference magnitude
35.7075
0, 380
F_OM1
0.958199 -0.00802205 0.285991 50.9216 
-0.09234 -0.954783 0.282599 -37.5363 
0.270793 -0.297194 -0.915613 833.374 
0 0 0 1 
F_OM2
0.967693 -0.24536 -0.0580386 100.547 
-0.0989974 -0.158048 -0.982456 13.5148 
0.231883 0.956462 -0.177232 810.624 
0 0 0 1 
F_RN measured
0.999954 0.00711148 0.00643013 -0.22148 
-0.00712232 0.999973 0.00166456 378.187 
-0.00641812 -0.00171028 0.999978 0.24085 
0 0 0 1 
F_RN expected
1 0 0 0 
0 1 0 332.3 
0 0 1 0 
0 0 0 1 
expected needle
0 380 -115
actual needle
-0.621727 425.694 -114.838
difference vector
-0.621727 45.694 0.161806
difference magnitude
45.6986
0, 390
F_OM1
0.958479 -0.00406172 0.285133 53.3757 
-0.0884633 -0.954803 0.28377 -35.3102 
0.271093 -0.297212 -0.915518 825.301 
0 0 0 1 
F_OM2
0.968413 -0.244911 -0.0468513 102.578 
-0.0879046 -0.159486 -0.983279 16.3542 
0.233344 0.956338 -0.175977 802.699 
0 0 0 1 
F_RN measured
0.999973 0.00724373 -0.000846143 0.0359852 
-0.0072419 0.999971 0.00214148 378.067 
0.000861631 -0.00213529 0.999997 -0.16494 
0 0 0 1 
F_RN expected
1 0 0 0 
0 1 0 342.3 
0 0 1 0 
0 0 0 1 
expected needle
0 390 -115
actual needle
0.478817 425.52 -115.266
difference vector
0.478817 35.5196 -0.266489
difference magnitude
35.5239
0, 400
F_OM1
0.958577 -0.00372375 0.284808 56.1502 
-0.088645 -0.954157 0.285877 -32.2171 
0.270687 -0.299282 -0.914964 815.962 
0 0 0 1 
F_OM2
0.967786 -0.247191 -0.0478148 105.433 
-0.0922945 -0.171621 -0.98083 19.7282 
0.234246 0.953647 -0.188907 793.865 
0 0 0 1 
F_RN measured
0.999982 0.00508984 0.00322768 -0.107467 
-0.00512966 0.999909 0.0124526 377.687 
-0.00316401 -0.012469 0.999917 -0.155077 
0 0 0 1 
F_RN expected
1 0 0 0 
0 1 0 352.3 
0 0 1 0 
0 0 0 1 
expected needle
0 400 -115
actual needle
-0.235865 423.951 -115.74
difference vector
-0.235865 23.951 -0.740331
difference magnitude
23.9636
0, 405
F_OM1
0.958498 -0.00308746 0.285081 57.5651 
-0.0885893 -0.953667 0.287526 -30.6465 
0.270985 -0.300849 -0.914362 811.461 
0 0 0 1 
F_OM2
0.96956 -0.24069 -0.0449527 106.592 
-0.0881908 -0.172012 -0.981139 21.2861 
0.228418 0.955238 -0.188002 789.324 
0 0 0 1 
F_RN measured
0.999927 0.0120724 0.000378424 -0.0295359 
-0.0120757 0.999872 0.0105075 377.768 
-0.000251525 -0.0105113 0.999945 -0.0999832 
0 0 0 1 
F_RN expected
1 0 0 0 
0 1 0 357.3 
0 0 1 0 
0 0 0 1 
expected needle
0 405 -115
actual needle
0.502798 424.253 -115.595
difference vector
0.502798 19.2533 -0.595017
difference magnitude
19.2691
0, 410
F_OM1
0.958616 -0.00279474 0.284688 58.8936 
-0.088519 -0.953316 0.288708 -29.078 
0.27059 -0.30196 -0.914112 806.794 
0 0 0 1 
F_OM2
0.968745 -0.243327 -0.0482146 108.072 
-0.0931567 -0.176727 -0.979842 22.9362 
0.229901 0.953708 -0.193871 784.882 
0 0 0 1 
F_RN measured
0.999945 0.00915462 0.00509203 -0.1863 
-0.00922661 0.999855 0.0142996 377.628 
-0.00496038 -0.0143458 0.999885 -0.0666041 
0 0 0 1 
F_RN expected
1 0 0 0 
0 1 0 362.3 
0 0 1 0 
0 0 0 1 
expected needle
0 410 -115
actual needle
-0.335208 423.677 -115.738
difference vector
-0.335208 13.6768 -0.737651
difference magnitude
13.7008
0, 415
F_OM1
0.958677 -0.00269568 0.284485 60.3283 
-0.0887386 -0.952901 0.290008 -27.4604 
0.270304 -0.303269 -0.913763 802.043 
0 0 0 1 
F_OM2
0.968876 -0.243254 -0.0458909 109.434 
-0.0923997 -0.183393 -0.978688 24.6917 
0.229653 0.952468 -0.200162 780.374 
0 0 0 1 
F_RN measured
0.999948 0.00926955 0.0042292 -0.159591 
-0.00935125 0.999762 0.0197246 377.43 
-0.00404536 -0.0197632 0.999797 -0.0403537 
0 0 0 1 
F_RN expected
1 0 0 0 
0 1 0 367.3 
0 0 1 0 
0 0 0 1 
expected needle
0 415 -115
actual needle
-0.203792 422.85 -115.96
difference vector
-0.203792 7.85024 -0.959654
difference magnitude
7.9113
0, 420
F_OM1
0.958561 -0.00252864 0.284877 61.7863 
-0.0888992 -0.952683 0.290674 -25.9651 
0.270663 -0.303954 -0.91343 797.442 
0 0 0 1 
F_OM2
0.968513 -0.244448 -0.0472064 110.96 
-0.0937311 -0.182355 -0.978755 26.1222 
0.230646 0.952361 -0.199526 775.796 
0 0 0 1 
F_RN measured
0.999951 0.00839088 0.00527481 -0.197771 
-0.00848475 0.999801 0.0180328 377.474 
-0.00512245 -0.0180767 0.999823 -0.00416437 
0 0 0 1 
F_RN expected
1 0 0 0 
0 1 0 372.3 
0 0 1 0 
0 0 0 1 
expected needle
0 420 -115
actual needle
-0.40413 423.091 -115.846
difference vector
-0.40413 3.09068 -0.846121
difference magnitude
3.22979
0, 430
F_OM1
0.958764 -0.00247689 0.284194 64.4752 
-0.0885637 -0.952775 0.290476 -23.2015 
0.270054 -0.303667 -0.913705 788.181 
0 0 0 1 
F_OM2
0.967309 -0.248299 -0.0515944 113.914 
-0.100643 -0.189111 -0.976784 29.5298 
0.232777 0.950045 -0.207919 766.854 
0 0 0 1 
F_RN measured
0.999921 0.00403093 0.0119082 -0.424299 
-0.00433416 0.999664 0.0255492 377.264 
-0.0118013 -0.0255988 0.999603 -0.495552 
0 0 0 1 
F_RN expected
1 0 0 0 
0 1 0 382.3 
0 0 1 0 
0 0 0 1 
expected needle
0 430 -115
actual needle
-1.60147 422.01 -116.671
difference vector
-1.60147 -7.98969 -1.67092
difference magnitude
8.31816
0, 440
F_OM1
0.958667 -0.0020327 0.284524 67.3807 
-0.0886934 -0.952285 0.292038 -20.0815 
0.270355 -0.305202 -0.913105 778.912 
0 0 0 1 
F_OM2
0.966802 -0.249719 -0.0541718 116.922 
-0.105501 -0.197008 -0.974709 32.765 
0.232731 0.948066 -0.216813 757.977 
0 0 0 1 
F_RN measured
0.999855 0.0032162 0.0166988 -0.596089 
-0.00375025 0.999479 0.0320487 377.001 
-0.016587 -0.0321067 0.999347 -0.430427 
0 0 0 1 
F_RN expected
1 0 0 0 
0 1 0 392.3 
0 0 1 0 
0 0 0 1 
expected needle
0 440 -115
actual needle
-2.36304 420.991 -116.887
difference vector
-2.36304 -19.0091 -1.8868
difference magnitude
19.2481
0, 430
F_OM1
0.958399 -0.00350707 0.285411 64.8553 
-0.0901348 -0.952478 0.290965 -22.6498 
0.270828 -0.304586 -0.91317 787.222 
0 0 0 1 
F_OM2
0.965317 -0.253222 -0.06357 114.783 
-0.110397 -0.175248 -0.978315 29.2818 
0.236591 0.951402 -0.197125 765.524 
0 0 0 1 
F_RN measured
0.999812 -0.000549393 0.0193825 -0.677302 
0.000330596 0.999936 0.0112898 377.757 
-0.0193875 -0.0112812 0.999748 -0.0978212 
0 0 0 1 
F_RN expected
1 0 0 0 
0 1 0 382.3 
0 0 1 0 
0 0 0 1 
expected needle
0 430 -115
actual needle
-2.9325 424.155 -115.607
difference vector
-2.9325 -5.84484 -0.607002
difference magnitude
6.56735
0, 420
F_OM1
0.958343 -0.00421434 0.28559 62.0541 
-0.0906716 -0.952659 0.290206 -25.5643 
0.270846 -0.304011 -0.913356 796.417 
0 0 0 1 
F_OM2
0.966008 -0.250482 -0.0639371 111.929 
-0.109265 -0.171467 -0.979112 26.0935 
0.234287 0.952816 -0.193007 774.491 
0 0 0 1 
F_RN measured
0.999833 0.00222174 0.0181272 -0.635472 
-0.00236523 0.999966 0.00789819 377.901 
-0.018109 -0.00793975 0.999804 0.067141 
0 0 0 1 
F_RN expected
1 0 0 0 
0 1 0 372.3 
0 0 1 0 
0 0 0 1 
expected needle
0 420 -115
actual needle
-2.61412 424.692 -115.289
difference vector
-2.61412 4.69157 -0.289102
difference magnitude
5.37848
0, 415
F_OM1
0.958257 -0.00517882 0.28586 60.6646 
-0.0916366 -0.952652 0.289924 -26.9248 
0.270824 -0.304017 -0.913361 801.095 
0 0 0 1 
F_OM2
0.964413 -0.257323 -0.0607598 110.63 
-0.106394 -0.167317 -0.980146 24.5474 
0.242048 0.95173 -0.188741 779.082 
0 0 0 1 
F_RN measured
0.999904 -0.00486736 0.012975 -0.435838 
0.00480678 0.999977 0.00469648 377.988 
-0.0129976 -0.00463367 0.999905 0.119521 
0 0 0 1 
F_RN expected
1 0 0 0 
0 1 0 367.3 
0 0 1 0 
0 0 0 1 
expected needle
0 415 -115
actual needle
-2.16014 425.147 -115.091
difference vector
-2.16014 10.1471 -0.090556
difference magnitude
10.3749
0, 410
F_OM1
0.958186 -0.00584739 0.286087 59.2773 
-0.0921331 -0.952854 0.289104 -28.4352 
0.270908 -0.303374 -0.91355 805.756 
0 0 0 1 
F_OM2
0.964264 -0.256791 -0.065222 109.371 
-0.108894 -0.159702 -0.981141 22.7876 
0.241532 0.953181 -0.181958 783.476 
0 0 0 1 
F_RN measured
0.999876 -0.00452897 0.0150655 -0.508156 
0.00456327 0.999987 -0.00224337 378.239 
-0.0150552 0.00231184 0.999884 0.155408 
0 0 0 1 
F_RN expected
1 0 0 0 
0 1 0 362.3 
0 0 1 0 
0 0 0 1 
expected needle
0 410 -115
actual needle
-2.45673 426.196 -114.721
difference vector
-2.45673 16.1963 0.279024
difference magnitude
16.3839
0, 405
F_OM1
0.958276 -0.00611569 0.285779 57.828 
-0.0921133 -0.953045 0.288479 -29.9558 
0.270596 -0.302767 -0.913843 810.357 
0 0 0 1 
F_OM2
0.964299 -0.256659 -0.0652173 107.917 
-0.108423 -0.157965 -0.981474 21.1747 
0.241602 0.953506 -0.180153 787.967 
0 0 0 1 
F_RN measured
0.999883 -0.00480522 0.0145442 -0.485344 
0.00485407 0.999983 -0.00332569 378.288 
-0.0145279 0.0033959 0.999889 0.204344 
0 0 0 1 
F_RN expected
1 0 0 0 
0 1 0 357.3 
0 0 1 0 
0 0 0 1 
expected needle
0 405 -115
actual needle
-2.38713 426.37 -114.621
difference vector
-2.38713 21.3698 0.379128
difference magnitude
21.5061
0, 400
F_OM1
0.958241 -0.00680618 0.28588 56.44 
-0.0924504 -0.953403 0.287186 -31.4278 
0.270604 -0.301624 -0.914219 814.943 
0 0 0 1 
F_OM2
0.964458 -0.25638 -0.0639622 106.49 
-0.106999 -0.157598 -0.981689 19.663 
0.241605 0.953642 -0.179429 792.508 
0 0 0 1 
F_RN measured
0.999909 -0.00445957 0.0127636 -0.419191 
0.0044906 0.999987 -0.00240309 378.248 
-0.0127527 0.00246018 0.999916 0.209148 
0 0 0 1 
F_RN expected
1 0 0 0 
0 1 0 352.3 
0 0 1 0 
0 0 0 1 
expected needle
0 400 -115
actual needle
-2.09972 426.224 -114.664
difference vector
-2.09972 26.2236 0.336198
difference magnitude
26.3097
0, 390
F_OM1
0.958228 -0.0068243 0.285924 53.6834 
-0.0918119 -0.954144 0.284919 -34.5225 
0.270869 -0.299269 -0.914914 824.183 
0 0 0 1 
F_OM2
0.967433 -0.246394 -0.0579906 103.308 
-0.0996376 -0.160078 -0.982063 16.621 
0.232692 0.955858 -0.179415 801.589 
0 0 0 1 
F_RN measured
0.999953 0.00612272 0.00755395 -0.258802 
-0.0061336 0.99998 0.00141858 378.17 
-0.00754511 -0.00146484 0.99997 0.240338 
0 0 0 1 
F_RN expected
1 0 0 0 
0 1 0 342.3 
0 0 1 0 
0 0 0 1 
expected needle
0 390 -115
actual needle
-0.835453 425.706 -114.826
difference vector
-0.835453 35.7059 0.173862
difference magnitude
35.7161
0, 380
F_OM1
0.958162 -0.00788685 0.286118 50.9339 
-0.0924172 -0.954605 0.283177 -37.5157 
0.270896 -0.297771 -0.915395 833.374 
0 0 0 1 
F_OM2
0.967733 -0.245279 -0.0577114 100.545 
-0.0987138 -0.158311 -0.982442 13.5185 
0.231837 0.956439 -0.177415 810.634 
0 0 0 1 
F_RN measured
0.999954 0.00732457 0.00611908 -0.209576 
-0.00733268 0.999972 0.00130379 378.208 
-0.00610936 -0.0013486 0.99998 0.270886 
0 0 0 1 
F_RN expected
1 0 0 0 
0 1 0 332.3 
0 0 1 0 
0 0 0 1 
expected needle
0 380 -115
actual needle
-0.563888 425.757 -114.791
difference vector
-0.563888 45.7569 0.208808
difference magnitude
45.7608
0, 390
F_OM1
0.958449 -0.00413854 0.285234 53.3989 
-0.0887393 -0.95461 0.284333 -35.2655 
0.27111 -0.29783 -0.915312 825.269 
0 0 0 1 
F_OM2
0.968394 -0.245088 -0.0463063 102.59 
-0.0874929 -0.159932 -0.983243 16.3569 
0.233575 0.956218 -0.176321 802.681 
0 0 0 1 
F_RN measured
0.999973 0.00714851 -0.00153817 0.0610175 
-0.00714542 0.999972 0.00200418 378.078 
0.00155246 -0.00199313 0.999997 -0.113336 
0 0 0 1 
F_RN expected
1 0 0 0 
0 1 0 342.3 
0 0 1 0 
0 0 0 1 
expected needle
0 390 -115
actual needle
0.578891 425.546 -115.208
difference vector
0.578891 35.5461 -0.208041
difference magnitude
35.5514
0, 400
F_OM1
0.958547 -0.00370167 0.28491 56.1712 
-0.0887088 -0.954098 0.286055 -32.2325 
0.270773 -0.299471 -0.914877 815.932 
0 0 0 1 
F_OM2
0.967811 -0.247141 -0.0475649 105.446 
-0.0920487 -0.171692 -0.980841 19.7347 
0.23424 0.953647 -0.188914 793.847 
0 0 0 1 
F_RN measured
0.999982 0.00524302 0.00294538 -0.0970324 
-0.00527894 0.99991 0.0123223 377.692 
-0.00288051 -0.0123376 0.99992 -0.175344 
0 0 0 1 
F_RN expected
1 0 0 0 
0 1 0 352.3 
0 0 1 0 
0 0 0 1 
expected needle
0 400 -115
actual needle
-0.185659 423.971 -115.755
difference vector
-0.185659 23.9707 -0.754619
difference magnitude
23.9833
0, 405
F_OM1
0.958482 -0.00307704 0.285135 57.5596 
-0.0887453 -0.953501 0.288028 -30.6464 
0.27099 -0.301374 -0.914187 811.451 
0 0 0 1 
F_OM2
0.969613 -0.240489 -0.0449007 106.585 
-0.0882547 -0.172666 -0.981019 21.2696 
0.228172 0.955171 -0.188644 789.311 
0 0 0 1 
F_RN measured
0.999924 0.0123417 0.000356989 -0.02816 
-0.0123448 0.999867 0.0106163 377.796 
-0.000225919 -0.0106199 0.999944 -0.0624274 
0 0 0 1 
F_RN expected
1 0 0 0 
0 1 0 357.3 
0 0 1 0 
0 0 0 1 
expected needle
0 405 -115
actual needle
0.519486 424.268 -115.563
difference vector
0.519486 19.2684 -0.562508
difference magnitude
19.2837
0, 410
F_OM1
0.958602 -0.00279624 0.284734 58.9116 
-0.0886734 -0.953161 0.289172 -29.0384 
0.270589 -0.30245 -0.913951 806.777 
0 0 0 1 
F_OM2
0.968768 -0.243307 -0.0478469 108.08 
-0.092889 -0.177176 -0.979786 22.9398 
0.229912 0.95363 -0.194243 784.867 
0 0 0 1 
F_RN measured
0.999946 0.00922115 0.00469399 -0.171457 
-0.00928725 0.999855 0.0142597 377.644 
-0.00456182 -0.0143026 0.999887 -0.0168046 
0 0 0 1 
F_RN expected
1 0 0 0 
0 1 0 362.3 
0 0 1 0 
0 0 0 1 
expected needle
0 410 -115
actual needle
-0.271416 423.697 -115.686
difference vector
-0.271416 13.6967 -0.686078
difference magnitude
13.7166
0, 415
F_OM1
0.958678 -0.00261633 0.284483 60.3404 
-0.0887957 -0.952755 0.29047 -27.432 
0.270283 -0.303728 -0.913617 802.029 
0 0 0 1 
F_OM2
0.968819 -0.243445 -0.0460967 109.455 
-0.0926372 -0.183347 -0.978674 24.6773 
0.229801 0.952428 -0.200182 780.357 
0 0 0 1 
F_RN measured
0.999949 0.00905772 0.00438944 -0.164981 
-0.00914045 0.999774 0.0192096 377.454 
-0.00421445 -0.0192488 0.999806 0.00566702 
0 0 0 1 
F_RN expected
1 0 0 0 
0 1 0 367.3 
0 0 1 0 
0 0 0 1 
expected needle
0 415 -115
actual needle
-0.237714 422.935 -115.89
difference vector
-0.237714 7.93459 -0.890171
difference magnitude
7.9879
0, 420
F_OM1
0.958565 -0.00250903 0.284863 61.7934 
-0.0889914 -0.952555 0.291066 -25.9544 
0.270618 -0.304356 -0.913309 797.422 
0 0 0 1 
F_OM2
0.968504 -0.244445 -0.0474074 110.973 
-0.0939055 -0.182239 -0.97876 26.0897 
0.230613 0.952384 -0.199454 775.768 
0 0 0 1 
F_RN measured
0.999951 0.00835871 0.00536534 -0.202101 
-0.00845144 0.999811 0.0175 377.498 
-0.00521805 -0.0175445 0.999832 0.0384299 
0 0 0 1 
F_RN expected
1 0 0 0 
0 1 0 372.3 
0 0 1 0 
0 0 0 1 
expected needle
0 420 -115
actual needle
-0.420404 423.177 -115.779
difference vector
-0.420404 3.17695 -0.779174
difference magnitude
3.29801
0, 430
F_OM1
0.958738 -0.00243586 0.28428 64.4914 
-0.0885718 -0.952753 0.290546 -23.2183 
0.27014 -0.303737 -0.913656 788.156 
0 0 0 1 
F_OM2
0.967202 -0.248663 -0.0518308 113.946 
-0.100867 -0.188723 -0.976836 29.5224 
0.233121 0.950026 -0.207616 766.827 
0 0 0 1 
F_RN measured
0.99992 0.00372912 0.012071 -0.427386 
-0.00403133 0.999677 0.0251089 377.282 
-0.0119735 -0.0251556 0.999612 -0.513983 
0 0 0 1 
F_RN expected
1 0 0 0 
0 1 0 382.3 
0 0 1 0 
0 0 0 1 
expected needle
0 430 -115
actual needle
-1.63767 422.079 -116.669
difference vector
-1.63767 -7.92134 -1.66927
difference magnitude
8.2593
0, 440
F_OM1
0.958626 -0.00201475 0.28466 67.3827 
-0.0887378 -0.952264 0.292095 -20.0981 
0.270483 -0.30527 -0.913044 778.902 
0 0 0 1 
F_OM2
0.96677 -0.249771 -0.0544972 116.934 
-0.105733 -0.196567 -0.974773 32.7447 
0.232757 0.948143 -0.216444 757.962 
0 0 0 1 
F_RN measured
0.999852 0.00328553 0.0169041 -0.601132 
-0.00381738 0.999496 0.0315272 377.02 
-0.016792 -0.0315871 0.99936 -0.438685 
0 0 0 1 
F_RN expected
1 0 0 0 
0 1 0 392.3 
0 0 1 0 
0 0 0 1 
expected needle
0 440 -115
actual needle
-2.38838 421.07 -116.872
difference vector
-2.38838 -18.9297 -1.87178
difference magnitude
19.1713
0, 430
F_OM1
0.958358 -0.00343634 0.285548 64.8577 
-0.0902257 -0.95235 0.291356 -22.6316 
0.27094 -0.304987 -0.913003 787.224 
0 0 0 1 
F_OM2
0.965225 -0.25364 -0.063304 114.783 
-0.110204 -0.175204 -0.978345 29.2648 
0.237056 0.951299 -0.197064 765.539 
0 0 0 1 
F_RN measured
0.999818 -0.000851269 0.0190522 -0.661956 
0.000644339 0.999941 0.0108647 377.766 
-0.0190603 -0.0108505 0.999759 -0.0620921 
0 0 0 1 
F_RN expected
1 0 0 0 
0 1 0 382.3 
0 0 1 0 
0 0 0 1 
expected needle
0 430 -115
actual needle
-2.89356 424.214 -115.552
difference vector
-2.89356 -5.78605 -0.551998
difference magnitude
6.49275
0, 420
F_OM1
0.958335 -0.00412438 0.285615 62.0433 
-0.0906666 -0.952582 0.290461 -25.5585 
0.270874 -0.304255 -0.913267 796.428 
0 0 0 1 
F_OM2
0.965993 -0.25056 -0.0638605 111.913 
-0.109163 -0.171301 -0.979152 26.0685 
0.234397 0.952825 -0.192827 774.498 
0 0 0 1 
F_RN measured
0.999835 0.00215953 0.0180246 -0.629558 
-0.00229446 0.999969 0.00746834 377.915 
-0.0180079 -0.00750847 0.99981 0.0980751 
0 0 0 1 
F_RN expected
1 0 0 0 
0 1 0 372.3 
0 0 1 0 
0 0 0 1 
expected needle
0 420 -115
actual needle
-2.59937 424.755 -115.238
difference vector
-2.59937 4.75482 -0.238189
difference magnitude
5.42418
0, 415
F_OM1
0.958281 -0.00503256 0.285783 60.6514 
-0.091565 -0.952557 0.290259 -26.9361 
0.270764 -0.304318 -0.913278 801.112 
0 0 0 1 
F_OM2
0.96443 -0.257236 -0.0608647 110.615 
-0.106421 -0.167071 -0.980185 24.5257 
0.24197 0.951797 -0.188503 779.09 
0 0 0 1 
F_RN measured
0.999903 -0.00486715 0.0130869 -0.440228 
0.0048139 0.99998 0.00409738 378.012 
-0.0131066 -0.00403398 0.999906 0.131475 
0 0 0 1 
F_RN expected
1 0 0 0 
0 1 0 367.3 
0 0 1 0 
0 0 0 1 
expected needle
0 415 -115
actual needle
-2.17738 425.24 -115.05
difference vector
-2.17738 10.2401 -0.0501327
difference magnitude
10.4691
0, 410
F_OM1
0.958194 -0.00570564 0.286062 59.268 
-0.0920733 -0.952768 0.289406 -28.4418 
0.2709 -0.303645 -0.913462 805.773 
0 0 0 1 
F_OM2
0.964237 -0.256898 -0.065196 109.361 
-0.108786 -0.159302 -0.981218 22.766 
0.241687 0.953219 -0.181552 783.487 
0 0 0 1 
F_RN measured
0.999876 -0.00468305 0.0150031 -0.506671 
0.00472779 0.999984 -0.00294797 378.261 
-0.014989 0.00301854 0.999883 0.167097 
0 0 0 1 
F_RN expected
1 0 0 0 
0 1 0 362.3 
0 0 1 0 
0 0 0 1 
expected needle
0 410 -115
actual needle
-2.45541 426.299 -114.675
difference vector
-2.45541 16.2994 0.324525
difference magnitude
16.4865
0, 405
F_OM1
0.958275 -0.00596728 0.285784 57.8177 
-0.0920688 -0.952945 0.288822 -29.964 
0.270613 -0.303083 -0.913734 810.391 
0 0 0 1 
F_OM2
0.964283 -0.256744 -0.065125 107.902 
-0.108222 -0.157477 -0.981575 21.1504 
0.241757 0.953564 -0.179638 787.989 
0 0 0 1 
F_RN measured
0.999885 -0.00491201 0.0143799 -0.478436 
0.00497243 0.999979 -0.00416945 378.319 
-0.0143591 0.00424047 0.999888 0.216105 
0 0 0 1 
F_RN expected
1 0 0 0 
0 1 0 357.3 
0 0 1 0 
0 0 0 1 
expected needle
0 405 -115
actual needle
-2.36643 426.498 -114.569
difference vector
-2.36643 21.4976 0.431265
difference magnitude
21.6318
0, 400
F_OM1
0.958247 -0.00658207 0.285864 56.4206 
-0.0923671 -0.953264 0.287675 -31.4303 
0.270611 -0.302068 -0.91407 814.963 
0 0 0 1 
F_OM2
0.964414 -0.256476 -0.0642231 106.478 
-0.107148 -0.157066 -0.981758 19.6433 
0.241711 0.953703 -0.178957 792.519 
0 0 0 1 
F_RN measured
0.999905 -0.00459955 0.0129958 -0.428588 
0.00464458 0.999983 -0.00343731 378.286 
-0.0129797 0.00349734 0.99991 0.22321 
0 0 0 1 
F_RN expected
1 0 0 0 
0 1 0 352.3 
0 0 1 0 
0 0 0 1 
expected needle
0 400 -115
actual needle
-2.1425 426.38 -114.6
difference vector
-2.1425 26.3805 0.400425
difference magnitude
26.4703
0, 390
F_OM1
0.958211 -0.00672902 0.285984 53.6716 
-0.0917942 -0.954088 0.285115 -34.5226 
0.270935 -0.299452 -0.914835 824.188 
0 0 0 1 
F_OM2
0.967432 -0.246404 -0.0579772 103.295 
-0.0996039 -0.159988 -0.982081 16.6124 
0.232713 0.955871 -0.17932 801.597 
0 0 0 1 
F_RN measured
0.999952 0.00617179 0.00755142 -0.259349 
-0.0061804 0.99998 0.0011179 378.179 
-0.00754437 -0.00116452 0.999971 0.249816 
0 0 0 1 
F_RN expected
1 0 0 0 
0 1 0 342.3 
0 0 1 0 
0 0 0 1 
expected needle
0 390 -115
actual needle
-0.833368 425.75 -114.802
difference vector
-0.833368 35.7498 0.197619
difference magnitude
35.7601
0, 380
F_OM1
0.958128 -0.00787704 0.286231 50.946 
-0.0924505 -0.954595 0.283197 -37.5189 
0.271004 -0.297802 -0.915353 833.361 
0 0 0 1 
F_OM2
0.967701 -0.245403 -0.0577254 100.558 
-0.0986996 -0.158098 -0.982478 13.5068 
0.231977 0.956443 -0.177213 810.623 
0 0 0 1 
F_RN measured
0.999955 0.00730286 0.00606631 -0.20423 
-0.00730946 0.999973 0.00106581 378.213 
-0.00605837 -0.00111011 0.999981 0.27315 
0 0 0 1 
F_RN expected
1 0 0 0 
0 1 0 332.3 
0 0 1 0 
0 0 0 1 
expected needle
0 380 -115
actual needle
-0.55351 425.789 -114.778
difference vector
-0.55351 45.7892 0.222379
difference magnitude
45.7931
0, 390
F_OM1
0.958413 -0.00408414 0.285356 53.3969 
-0.088769 -0.954563 0.284483 -35.265 
0.271228 -0.297982 -0.915228 825.261 
0 0 0 1 
F_OM2
0.9684 -0.245104 -0.0460968 102.581 
-0.087346 -0.160189 -0.983214 16.3595 
0.233605 0.956171 -0.176536 802.688 
0 0 0 1 
F_RN measured
0.999972 0.0072704 -0.00169107 0.0673695 
-0.00726685 0.999971 0.00209798 378.075 
0.00170628 -0.00208563 0.999996 -0.108007 
0 0 0 1 
F_RN expected
1 0 0 0 
0 1 0 342.3 
0 0 1 0 
0 0 0 1 
expected needle
0 390 -115
actual needle
0.608641 425.533 -115.207
difference vector
0.608641 35.5327 -0.207074
difference magnitude
35.5385
0, 400
F_OM1
0.958547 -0.00368694 0.284912 56.1687 
-0.0887422 -0.954047 0.286215 -32.2209 
0.270764 -0.299634 -0.914826 815.924 
0 0 0 1 
F_OM2
0.967857 -0.246992 -0.0474176 105.435 
-0.0919536 -0.172035 -0.98079 19.7436 
0.23409 0.953624 -0.189217 793.849 
0 0 0 1 
F_RN measured
0.999981 0.00540903 0.00285091 -0.0945916 
-0.00544423 0.999907 0.0124874 377.687 
-0.0027831 -0.0125027 0.999918 -0.163469 
0 0 0 1 
F_RN expected
1 0 0 0 
0 1 0 352.3 
0 0 1 0 
0 0 0 1 
expected needle
0 400 -115
actual needle
-0.164435 423.947 -115.75
difference vector
-0.164435 23.9466 -0.750415
difference magnitude
23.9589
0, 405
F_OM1
0.958492 -0.00308177 0.285101 57.5565 
-0.0887833 -0.953452 0.288178 -30.6312 
0.270942 -0.301528 -0.91415 811.452 
0 0 0 1 
F_OM2
0.969649 -0.240356 -0.0448359 106.577 
-0.0882117 -0.172873 -0.980986 21.2767 
0.228035 0.955167 -0.188828 789.315 
0 0 0 1 
F_RN measured
0.999923 0.0124454 0.00030042 -0.0276151 
-0.0124479 0.999866 0.0106587 377.796 
-0.000167728 -0.0106616 0.999943 -0.0486963 
0 0 0 1 
F_RN expected
1 0 0 0 
0 1 0 357.3 
0 0 1 0 
0 0 0 1 
expected needle
0 405 -115
actual needle
0.531482 424.264 -115.551
difference vector
0.531482 19.264 -0.550718
difference magnitude
19.2792
0, 410
F_OM1
0.958604 -0.00279387 0.284728 58.9083 
-0.0886924 -0.953136 0.289251 -29.0311 
0.270577 -0.302531 -0.913928 806.763 
0 0 0 1 
F_OM2
0.968728 -0.243455 -0.0479066 108.084 
-0.0930859 -0.177616 -0.979687 22.9506 
0.23 0.953511 -0.194724 784.871 
0 0 0 1 
F_RN measured
0.999947 0.00908021 0.00485741 -0.17926 
-0.00915044 0.999851 0.0146372 377.63 
-0.00472378 -0.0146809 0.999881 -0.0102949 
0 0 0 1 
F_RN expected
1 0 0 0 
0 1 0 362.3 
0 0 1 0 
0 0 0 1 
expected needle
0 410 -115
actual needle
-0.304736 423.64 -115.697
difference vector
-0.304736 13.64 -0.696896
difference magnitude
13.6612
0, 415
F_OM1
0.958668 -0.00261508 0.284516 60.3372 
-0.0888318 -0.952725 0.290559 -27.4206 
0.270305 -0.303824 -0.913579 802.026 
0 0 0 1 
F_OM2
0.968815 -0.243469 -0.0460524 109.453 
-0.092654 -0.183581 -0.978628 24.6858 
0.229812 0.952376 -0.200415 780.358 
0 0 0 1 
F_RN measured
0.999949 0.00907269 0.00437802 -0.164731 
-0.0091558 0.999771 0.0193513 377.456 
-0.00420145 -0.0193904 0.999803 0.0148781 
0 0 0 1 
F_RN expected
1 0 0 0 
0 1 0 367.3 
0 0 1 0 
0 0 0 1 
expected needle
0 415 -115
actual needle
-0.235436 422.92 -115.887
difference vector
-0.235436 7.92007 -0.887408
difference magnitude
7.97311
0, 420
F_OM1
0.958535 -0.00243433 0.284965 61.7975 
-0.0889916 -0.952513 0.291204 -25.9555 
0.270724 -0.304488 -0.913233 797.419 
0 0 0 1 
F_OM2
0.968503 -0.244472 -0.0472823 110.973 
-0.0938433 -0.18248 -0.978721 26.0949 
0.230642 0.952331 -0.199675 775.777 
0 0 0 1 
F_RN measured
0.99995 0.00844861 0.00532522 -0.199569 
-0.00854111 0.999809 0.0175933 377.498 
-0.00517556 -0.0176379 0.999831 0.0401223 
0 0 0 1 
F_RN expected
1 0 0 0 
0 1 0 372.3 
0 0 1 0 
0 0 0 1 
expected needle
0 420 -115
actual needle
-0.40897 423.166 -115.782
difference vector
-0.40897 3.16567 -0.781778
difference magnitude
3.28632
0, 430
F_OM1
0.958718 -0.00239519 0.284347 64.4954 
-0.0886182 -0.952682 0.290764 -23.2014 
0.270196 -0.303959 -0.913566 788.159 
0 0 0 1 
F_OM2
0.967306 -0.248265 -0.0517968 113.938 
-0.100764 -0.1888 -0.976832 29.5226 
0.232734 0.950115 -0.207643 766.833 
0 0 0 1 
F_RN measured
0.999919 0.00420685 0.0120177 -0.427238 
-0.0045052 0.99968 0.0249073 377.288 
-0.0119091 -0.0249594 0.999618 -0.494585 
0 0 0 1 
F_RN expected
1 0 0 0 
0 1 0 382.3 
0 0 1 0 
0 0 0 1 
expected needle
0 430 -115
actual needle
-1.60861 422.108 -116.641
difference vector
-1.60861 -7.89174 -1.64117
difference magnitude
8.21952
0, 440
F_OM1
0.958629 -0.00199768 0.284653 67.3939 
-0.0887596 -0.952219 0.292234 -20.0765 
0.270468 -0.30541 -0.913002 778.897 
0 0 0 1 
F_OM2
0.966781 -0.24971 -0.0545864 116.946 
-0.105816 -0.196598 -0.974758 32.754 
0.232675 0.948153 -0.21649 757.959 
0 0 0 1 
F_RN measured
0.99985 0.00333746 0.0169828 -0.604299 
-0.00386972 0.999499 0.0314054 377.024 
-0.0168695 -0.0314664 0.999362 -0.425068 
0 0 0 1 
F_RN expected
1 0 0 0 
0 1 0 392.3 
0 0 1 0 
0 0 0 1 
expected needle
0 440 -115
actual needle
-2.39813 421.089 -116.853
difference vector
-2.39813 -18.9113 -1.8527
difference magnitude
19.1526
0, 430
F_OM1
0.958337 -0.00337539 0.285621 64.8597 
-0.0902483 -0.952288 0.291554 -22.6077 
0.271009 -0.305184 -0.912917 787.225 
0 0 0 1 
F_OM2
0.96522 -0.253606 -0.0635092 114.788 
-0.110392 -0.175152 -0.978333 29.2682 
0.236988 0.951318 -0.197057 765.541 
0 0 0 1 
F_RN measured
0.999814 -0.000745574 0.0192467 -0.668471 
0.0005418 0.999944 0.0105905 377.777 
-0.0192536 -0.0105781 0.999759 -0.0411789 
0 0 0 1 
F_RN expected
1 0 0 0 
0 1 0 382.3 
0 0 1 0 
0 0 0 1 
expected needle
0 430 -115
actual needle
-2.91741 424.257 -115.518
difference vector
-2.91741 -5.74338 -0.518002
difference magnitude
6.46267
0, 420
F_OM1
0.958325 -0.00407466 0.285651 62.0509 
-0.0906732 -0.952535 0.290611 -25.5349 
0.270908 -0.304401 -0.913208 796.419 
0 0 0 1 
F_OM2
0.966 -0.250612 -0.063536 111.913 
-0.108858 -0.171355 -0.979177 26.083 
0.234507 0.952802 -0.19281 774.491 
0 0 0 1 
F_RN measured
0.999841 0.0021431 0.0177091 -0.620845 
-0.0022739 0.99997 0.00736867 377.919 
-0.0176928 -0.00740777 0.999816 0.110844 
0 0 0 1 
F_RN expected
1 0 0 0 
0 1 0 372.3 
0 0 1 0 
0 0 0 1 
expected needle
0 420 -115
actual needle
-2.55517 424.77 -115.221
difference vector
-2.55517 4.77026 -0.22135
difference magnitude
5.41602
0, 415
F_OM1
0.958268 -0.00498087 0.285828 60.6506 
-0.0915782 -0.952505 0.290427 -26.9111 
0.270806 -0.304483 -0.913211 801.117 
0 0 0 1 
F_OM2
0.964431 -0.257174 -0.061104 110.618 
-0.106581 -0.166795 -0.980214 24.5362 
0.241894 0.951862 -0.188273 779.091 
0 0 0 1 
F_RN measured
0.999901 -0.00477332 0.0132599 -0.445453 
0.00472557 0.999982 0.00363031 378.027 
-0.013277 -0.00356729 0.999905 0.140642 
0 0 0 1 
F_RN expected
1 0 0 0 
0 1 0 367.3 
0 0 1 0 
0 0 0 1 
expected needle
0 415 -115
actual needle
-2.19803 425.309 -115.019
difference vector
-2.19803 10.3088 -0.0186492
difference magnitude
10.5405
0, 410
F_OM1
0.958188 -0.00562925 0.286084 59.2681 
-0.0920839 -0.952686 0.289673 -28.4131 
0.270917 -0.303905 -0.91337 805.777 
0 0 0 1 
F_OM2
0.964205 -0.257009 -0.0652372 109.362 
-0.108767 -0.158978 -0.981273 22.7698 
0.241824 0.953243 -0.181241 783.485 
0 0 0 1 
F_RN measured
0.999877 -0.0047956 0.0149646 -0.503613 
0.00484919 0.999982 -0.00354686 378.28 
-0.0149473 0.00361899 0.999882 0.187521 
0 0 0 1 
F_RN expected
1 0 0 0 
0 1 0 362.3 
0 0 1 0 
0 0 0 1 
expected needle
0 410 -115
actual needle
-2.45329 426.387 -114.626
difference vector
-2.45329 16.3872 0.373747
difference magnitude
16.574
0, 405
F_OM1
0.95825 -0.00591084 0.285872 57.8268 
-0.0920943 -0.952889 0.289 -29.9389 
0.270696 -0.303261 -0.91365 810.384 
0 0 0 1 
F_OM2
0.964249 -0.256873 -0.0651178 107.913 
-0.108221 -0.157406 -0.981586 21.1621 
0.241893 0.953541 -0.179578 787.988 
0 0 0 1 
F_RN measured
0.999885 -0.0049609 0.0143519 -0.477151 
0.00502486 0.999978 -0.0044241 378.325 
-0.0143296 0.0044957 0.999887 0.228861 
0 0 0 1 
F_RN expected
1 0 0 0 
0 1 0 357.3 
0 0 1 0 
0 0 0 1 
expected needle
0 405 -115
actual needle
-2.36425 426.533 -114.544
difference vector
-2.36425 21.5331 0.456275
difference magnitude
21.6673
0, 400
F_OM1
0.958201 -0.0065062 0.286023 56.4402 
-0.0923897 -0.953214 0.287831 -31.408 
0.270768 -0.302225 -0.913972 814.947 
0 0 0 1 
F_OM2
0.964419 -0.256547 -0.0638674 106.487 
-0.10683 -0.157187 -0.981774 19.6636 
0.241832 0.953665 -0.179001 792.515 
0 0 0 1 
F_RN measured
0.99991 -0.00450102 0.0126697 -0.415737 
0.00454558 0.999984 -0.00349067 378.286 
-0.0126538 0.00354794 0.999914 0.230036 
0 0 0 1 
F_RN expected
1 0 0 0 
0 1 0 352.3 
0 0 1 0 
0 0 0 1 
expected needle
0 400 -115
actual needle
-2.08745 426.387 -114.591
difference vector
-2.08745 26.3868 0.409204
difference magnitude
26.4724
0, 390
F_OM1
0.958185 -0.00664772 0.286072 53.6762 
-0.0918076 -0.95402 0.285335 -34.5073 
0.271022 -0.299668 -0.914738 824.177 
0 0 0 1 
F_OM2
0.967433 -0.246399 -0.0579669 103.297 
-0.0995796 -0.159935 -0.982092 16.6219 
0.232715 0.955881 -0.179263 801.589 
0 0 0 1 
F_RN measured
0.999952 0.00626473 0.0075353 -0.258142 
-0.00627111 0.99998 0.000823001 378.192 
-0.00752999 -0.000870216 0.999971 0.257075 
0 0 0 1 
F_RN expected
1 0 0 0 
0 1 0 342.3 
0 0 1 0 
0 0 0 1 
expected needle
0 390 -115
actual needle
-0.825874 425.796 -114.781
difference vector
-0.825874 35.7961 0.21887
difference magnitude
35.8063
0, 380
F_OM1
0.958123 -0.00779739 0.286252 50.9286 
-0.0924463 -0.954527 0.283429 -37.5058 
0.271025 -0.298023 -0.915275 833.368 
0 0 0 1 
F_OM2
0.967731 -0.245319 -0.0575877 100.535 
-0.0986033 -0.158343 -0.982448 13.521 
0.231894 0.956424 -0.177422 810.642 
0 0 0 1 
F_RN measured
0.999954 0.00742189 0.00600145 -0.20551 
-0.00742838 0.999972 0.00106067 378.213 
-0.00599341 -0.0011052 0.999981 0.280893 
0 0 0 1 
F_RN expected
1 0 0 0 
0 1 0 332.3 
0 0 1 0 
0 0 0 1 
expected needle
0 380 -115
actual needle
-0.541653 425.79 -114.77
difference vector
-0.541653 45.7899 0.23031
difference magnitude
45.7937
0, 390
F_OM1
0.958376 -0.0040341 0.285479 53.404 
-0.0888217 -0.954495 0.284694 -35.2438 
0.27134 -0.298201 -0.915124 825.236 
0 0 0 1 
F_OM2
0.968399 -0.245139 -0.0459371 102.581 
-0.0872554 -0.160454 -0.983179 16.368 
0.233645 0.956118 -0.176774 802.677 
0 0 0 1 
F_RN measured
0.999971 0.0073698 -0.00181154 0.0734951 
-0.00736593 0.999971 0.00213612 378.073 
0.00182723 -0.00212271 0.999996 -0.0878843 
0 0 0 1 
F_RN expected
1 0 0 0 
0 1 0 342.3 
0 0 1 0 
0 0 0 1 
expected needle
0 390 -115
actual needle
0.633362 425.526 -115.189
difference vector
0.633362 35.5262 -0.188687
difference magnitude
35.5323
0, 400
F_OM1
0.958512 -0.00363328 0.285031 56.1747 
-0.0887555 -0.954017 0.286309 -32.2106 
0.270884 -0.299729 -0.914759 815.915 
0 0 0 1 
F_OM2
0.967849 -0.247019 -0.0474415 105.441 
-0.0919936 -0.172077 -0.980779 19.7597 
0.234107 0.95361 -0.189269 793.848 
0 0 0 1 
F_RN measured
0.999981 0.00550785 0.00289892 -0.0943834 
-0.00554345 0.999907 0.0124212 377.691 
-0.00283024 -0.012437 0.999919 -0.167541 
0 0 0 1 
F_RN expected
1 0 0 0 
0 1 0 352.3 
0 0 1 0 
0 0 0 1 
expected needle
0 400 -115
actual needle
-0.165036 423.958 -115.751
difference vector
-0.165036 23.9578 -0.751432
difference magnitude
23.9702
0, 405
F_OM1
0.958485 -0.00305797 0.285127 57.5617 
-0.0887702 -0.953451 0.288185 -30.625 
0.270974 -0.301531 -0.91414 811.438 
0 0 0 1 
F_OM2
0.969664 -0.240311 -0.0447404 106.577 
-0.0881509 -0.17306 -0.980959 21.2898 
0.227993 0.955144 -0.188994 789.309 
0 0 0 1 
F_RN measured
0.999921 0.0125297 0.000269094 -0.0263398 
-0.0125319 0.999863 0.0108361 377.789 
-0.000133283 -0.0108386 0.999941 -0.0506775 
0 0 0 1 
F_RN expected
1 0 0 0 
0 1 0 357.3 
0 0 1 0 
0 0 0 1 
expected needle
0 405 -115
actual needle
0.540381 424.236 -115.561
difference vector
0.540381 19.2359 -0.560924
difference magnitude
19.2516
0, 410
F_OM1
0.958583 -0.00272326 0.284799 58.9169 
-0.0886851 -0.953096 0.289385 -29.0196 
0.270652 -0.302657 -0.913863 806.757 
0 0 0 1 
F_OM2
0.968722 -0.243475 -0.0479291 108.093 
-0.0931211 -0.17765 -0.979678 22.9553 
0.230013 0.953499 -0.194766 784.868 
0 0 0 1 
F_RN measured
0.999946 0.00913527 0.00491568 -0.180935 
-0.00920582 0.999852 0.0145255 377.637 
-0.00478226 -0.01457 0.999882 -0.000252932 
0 0 0 1 
F_RN expected
1 0 0 0 
0 1 0 362.3 
0 0 1 0 
0 0 0 1 
expected needle
0 410 -115
actual needle
-0.310486 423.66 -115.682
difference vector
-0.310486 13.6598 -0.68172
difference magnitude
13.6804
0, 415
F_OM1
0.958648 -0.00255967 0.284583 60.3442 
-0.0888471 -0.952673 0.290722 -27.4125 
0.27037 -0.303985 -0.913506 802.023 
0 0 0 1 
F_OM2
0.968856 -0.243343 -0.0458556 109.451 
-0.0924821 -0.183804 -0.978603 24.6981 
0.229707 0.952366 -0.200585 780.364 
0 0 0 1 
F_RN measured
0.999948 0.00928083 0.00423353 -0.160292 
-0.00936125 0.999768 0.0193889 377.457 
-0.0040526 -0.0194275 0.999803 0.0180084 
0 0 0 1 
F_RN expected
1 0 0 0 
0 1 0 367.3 
0 0 1 0 
0 0 0 1 
expected needle
0 415 -115
actual needle
-0.204452 422.916 -115.886
difference vector
-0.204452 7.91613 -0.886037
difference magnitude
7.96819
0, 420
F_OM1
0.958543 -0.00241979 0.284938 61.8018 
-0.0889815 -0.9525 0.291248 -25.9443 
0.270699 -0.304528 -0.913228 797.415 
0 0 0 1 
F_OM2
0.968481 -0.244562 -0.0472608 110.978 
-0.0938747 -0.18262 -0.978692 26.107 
0.23072 0.952281 -0.199823 775.779 
0 0 0 1 
F_RN measured
0.999951 0.00833394 0.00534924 -0.199714 
-0.00842743 0.999808 0.0177011 377.493 
-0.00520069 -0.0177453 0.999829 0.0432075 
0 0 0 1 
F_RN expected
1 0 0 0 
0 1 0 372.3 
0 0 1 0 
0 0 0 1 
expected needle
0 420 -115
actual needle
-0.417348 423.148 -115.784
difference vector
-0.417348 3.148 -0.78358
difference magnitude
3.27079
0, 430
F_OM1
0.958727 -0.00238728 0.284318 64.4979 
-0.0886119 -0.952671 0.290803 -23.1921 
0.270167 -0.303994 -0.913563 788.151 
0 0 0 1 
F_OM2
0.96739 -0.24798 -0.0515947 113.928 
-0.100546 -0.189 -0.976816 29.524 
0.232479 0.95015 -0.207771 766.823 
0 0 0 1 
F_RN measured
0.99992 0.00447766 0.011856 -0.422947 
-0.00477352 0.999675 0.0250453 377.286 
-0.01174 -0.0250999 0.999616 -0.48006 
0 0 0 1 
F_RN expected
1 0 0 0 
0 1 0 382.3 
0 0 1 0 
0 0 0 1 
expected needle
0 430 -115
actual needle
-1.5728 422.091 -116.633
difference vector
-1.5728 -7.90945 -1.63317
difference magnitude
8.22802
0, 440
F_OM1
0.958613 -0.00191603 0.284705 67.3986 
-0.088797 -0.952111 0.292576 -20.0417 
0.27051 -0.305748 -0.912876 778.9 
0 0 0 1 
F_OM2
0.966756 -0.249844 -0.0544103 116.945 
-0.10564 -0.196479 -0.974801 32.7354 
0.232858 0.948142 -0.216341 757.951 
0 0 0 1 
F_RN measured
0.999854 0.00324239 0.016756 -0.59498 
-0.0037597 0.999514 0.0309344 377.045 
-0.0166476 -0.0309929 0.999381 -0.369832 
0 0 0 1 
F_RN expected
1 0 0 0 
0 1 0 392.3 
0 0 1 0 
0 0 0 1 
expected needle
0 440 -115
actual needle
-2.36726 421.165 -116.777
difference vector
-2.36726 -18.8353 -1.777
difference magnitude
19.0665
0, 430
F_OM1
0.958313 -0.00338925 0.2857 64.8728 
-0.0902993 -0.952271 0.291591 -22.5938 
0.271075 -0.305234 -0.91288 787.218 
0 0 0 1 
F_OM2
0.965185 -0.253796 -0.0632823 114.799 
-0.11022 -0.175223 -0.97834 29.2656 
0.23721 0.951254 -0.197096 765.545 
0 0 0 1 
F_RN measured
0.999819 -0.000860051 0.0189994 -0.660252 
0.000658082 0.999943 0.010634 377.768 
-0.0190075 -0.0106195 0.999763 -0.0251313 
0 0 0 1 
F_RN expected
1 0 0 0 
0 1 0 382.3 
0 0 1 0 
0 0 0 1 
expected needle
0 430 -115
actual needle
-2.88621 424.243 -115.504
difference vector
-2.88621 -5.75728 -0.504421
difference magnitude
6.45994
0, 420
F_OM1
0.958307 -0.00402745 0.285711 62.0574 
-0.0906688 -0.952513 0.290686 -25.5415 
0.270973 -0.304472 -0.913165 796.42 
0 0 0 1 
F_OM2
0.96601 -0.250589 -0.0634789 111.916 
-0.108809 -0.171413 -0.979172 26.0829 
0.234489 0.952797 -0.192853 774.5 
0 0 0 1 
F_RN measured
0.999841 0.00223452 0.0176831 -0.61879 
-0.0023646 0.99997 0.00733888 377.919 
-0.0176662 -0.00737952 0.999817 0.106768 
0 0 0 1 
F_RN expected
1 0 0 0 
0 1 0 372.3 
0 0 1 0 
0 0 0 1 
expected needle
0 420 -115
actual needle
-2.54577 424.773 -115.224
difference vector
-2.54577 4.77341 -0.224157
difference magnitude
5.41448
0, 415
F_OM1
0.958288 -0.00497287 0.285759 60.6641 
-0.0915747 -0.952477 0.290519 -26.9128 
0.270735 -0.304569 -0.913203 801.113 
0 0 0 1 
F_OM2
0.964422 -0.257214 -0.0610851 110.632 
-0.10656 -0.166757 -0.980223 24.5353 
0.24194 0.951858 -0.188233 779.085 
0 0 0 1 
F_RN measured
0.999901 -0.00489055 0.0132253 -0.444879 
0.00484455 0.999982 0.00350781 378.031 
-0.0132422 -0.00344339 0.999906 0.140113 
0 0 0 1 
F_RN expected
1 0 0 0 
0 1 0 367.3 
0 0 1 0 
0 0 0 1 
expected needle
0 415 -115
actual needle
-2.19907 425.327 -115.013
difference vector
-2.19907 10.3268 -0.0133718
difference magnitude
10.5583
0, 410
F_OM1
0.95817 -0.00559169 0.286146 59.2907 
