F_M2N
-1 -1.22463e-16 0 0.00558085 
1.22465e-16 -1 0 28.3789 
-0 0 1 -5.49509 
0 0 0 1 
F_OM home
0.995435 0.0877921 -0.0374342 258.955 
-0.0155733 -0.237558 -0.971249 -62.4184 
-0.0941608 0.967398 -0.235106 803.475 
0 0 0 1 
F_M1R
-0.997609 -0.0584985 -0.036799 60.7517 
-0.0435087 0.117909 0.992071 -94.8812 
-0.0536957 0.9913 -0.120173 -353.25 
0 0 0 1 
0, 415
F_OM1
0.999535 -0.00499827 -0.0300707 223.655 
0.00573634 -0.938001 0.346585 -122.415 
-0.0299387 -0.346597 -0.937536 845.004 
0 0 0 1 
F_OM2
0.99466 0.0862391 -0.0567033 259.743 
-0.0359961 -0.22504 -0.973684 -66.4605 
-0.0967302 0.970525 -0.220734 812.059 
0 0 0 1 
F_RN measured
0.999808 -0.00293686 0.0193592 -0.654162 
0.0030863 0.999966 -0.00769379 378.299 
-0.0193359 0.00775206 0.999783 -0.00802572 
0 0 0 1 
F_RN expected
1 0 0 0 
0 1 0 367.3 
0 0 1 0 
0 0 0 1 
expected needle
0 415 -115
actual needle
-3.02056 426.882 -114.613
difference vector
-3.02056 11.882 0.386704
difference magnitude
12.266
0, 410
F_OM1
0.999529 -0.00518008 -0.0302498 223.821 
0.00560225 -0.938296 0.345789 -124.261 
-0.0301745 -0.345796 -0.937825 849.724 
0 0 0 1 
F_OM2
0.994385 0.0876575 -0.0592808 259.903 
-0.0387783 -0.219381 -0.974868 -68.432 
-0.0984596 0.971693 -0.21475 816.566 
0 0 0 1 
F_RN measured
0.999751 -0.0019 0.022243 -0.711565 
0.00218266 0.999917 -0.0126907 378.459 
-0.022217 0.0127361 0.999672 -0.0216468 
0 0 0 1 
F_RN expected
1 0 0 0 
0 1 0 362.3 
0 0 1 0 
0 0 0 1 
expected needle
0 410 -115
actual needle
-3.36014 427.614 -114.376
difference vector
-3.36014 17.614 0.62358
difference magnitude
17.9425
0, 405
F_OM1
0.999525 -0.0056218 -0.0303022 223.981 
0.0051637 -0.938775 0.344492 -126.171 
-0.0303836 -0.344485 -0.9383 854.378 
0 0 0 1 
F_OM2
0.994478 0.089497 -0.0548113 259.89 
-0.0340785 -0.218587 -0.975222 -70.3696 
-0.0992605 0.971705 -0.21433 821.163 
0 0 0 1 
F_RN measured
0.999851 -0.000142459 0.0172744 -0.54378 
0.000353638 0.999925 -0.0122225 378.453 
-0.0172714 0.0122268 0.999776 -0.0390136 
0 0 0 1 
F_RN expected
1 0 0 0 
0 1 0 357.3 
0 0 1 0 
0 0 0 1 
expected needle
0 405 -115
actual needle
-2.53713 427.555 -114.43
difference vector
-2.53713 22.5553 0.569955
difference magnitude
22.7047
0, 395
F_OM1
0.999545 -0.00626188 -0.0295057 224.455 
0.00421963 -0.939565 0.342345 -129.916 
-0.0298663 -0.342314 -0.939111 863.704 
0 0 0 1 
F_OM2
0.994914 0.0880917 -0.048845 260.295 
-0.0288377 -0.215518 -0.976074 -74.2318 
-0.096511 0.972518 -0.211881 830.357 
0 0 0 1 
F_RN measured
0.999943 -0.000882028 0.0106126 -0.354039 
0.00102127 0.999913 -0.0131223 378.49 
-0.0106002 0.0131324 0.999858 -0.0465211 
0 0 0 1 
F_RN expected
1 0 0 0 
0 1 0 347.3 
0 0 1 0 
0 0 0 1 
expected needle
0 395 -115
actual needle
-1.61657 427.695 -114.404
difference vector
-1.61657 32.6949 0.596273
difference magnitude
32.7403
0, 385
F_OM1
0.999548 -0.00653898 -0.0293368 224.858 
0.00381239 -0.940583 0.339543 -133.686 
-0.0298139 -0.339502 -0.940133 873.015 
0 0 0 1 
F_OM2
0.995252 0.0858235 -0.0459096 260.694 
-0.0265533 -0.214376 -0.97639 -78.0593 
-0.0936392 0.972973 -0.211079 839.581 
0 0 0 1 
F_RN measured
0.99997 -0.00295839 0.00719999 -0.243794 
0.00303955 0.999932 -0.0112878 378.419 
-0.0071661 0.0113093 0.99991 -0.0637401 
0 0 0 1 
F_RN expected
1 0 0 0 
0 1 0 337.3 
0 0 1 0 
0 0 0 1 
expected needle
0 385 -115
actual needle
-1.21291 427.414 -114.514
difference vector
-1.21291 42.4138 0.486022
difference magnitude
42.4339
0, 375
F_OM1
0.999548 -0.00630941 -0.0293948 225.287 
0.00399668 -0.941167 0.337919 -137.393 
-0.0297975 -0.337884 -0.940716 882.394 
0 0 0 1 
F_OM2
0.995334 0.0875065 -0.04065 260.911 
-0.0210243 -0.214482 -0.976502 -81.7652 
-0.094169 0.9728 -0.211642 848.927 
0 0 0 1 
F_RN measured
0.999997 -0.00122554 0.00199111 -0.0595225 
0.0012444 0.999954 -0.00949783 378.378 
-0.00197938 0.00950028 0.999953 -0.0674768 
0 0 0 1 
F_RN expected
1 0 0 0 
0 1 0 327.3 
0 0 1 0 
0 0 0 1 
expected needle
0 375 -115
actual needle
-0.346958 427.168 -114.609
difference vector
-0.346958 52.1677 0.391102
difference magnitude
52.1703
0, 385
F_OM1
0.999549 -0.00408211 -0.0297543 225.004 
0.0062936 -0.940252 0.34042 -134.354 
-0.0293662 -0.340454 -0.939802 874.218 
0 0 0 1 
F_OM2
0.995831 0.0872539 -0.0266139 260.216 
-0.00723536 -0.215279 -0.976526 -78.4934 
-0.0909351 0.972647 -0.21375 841.07 
0 0 0 1 
F_RN measured
0.999952 -0.00161389 -0.00969148 0.333354 
0.00150519 0.999936 -0.0112128 378.281 
0.00970896 0.0111977 0.99989 -0.199003 
0 0 0 1 
F_RN expected
1 0 0 0 
0 1 0 337.3 
0 0 1 0 
0 0 0 1 
expected needle
0 385 -115
actual needle
1.37089 427.267 -114.652
difference vector
1.37089 42.267 0.347756
difference magnitude
42.2906
0, 395
F_OM1
0.999539 -0.00416169 -0.0300648 224.561 
0.00639494 -0.939442 0.342649 -130.531 
-0.0296701 -0.342683 -0.938982 864.776 
0 0 0 1 
F_OM2
0.996 0.0853148 -0.0265682 259.794 
-0.00669138 -0.225283 -0.97427 -74.3798 
-0.0891051 0.970551 -0.223811 832.018 
0 0 0 1 
F_RN measured
0.999939 -0.00358811 -0.0104826 0.389586 
0.00355363 0.999988 -0.00330563 378.02 
0.0104944 0.00326818 0.99994 -0.241748 
0 0 0 1 
F_RN expected
1 0 0 0 
0 1 0 347.3 
0 0 1 0 
0 0 0 1 
expected needle
0 395 -115
actual needle
1.42393 426.1 -115.079
difference vector
1.42393 31.0999 -0.0789089
difference magnitude
31.1326
0, 405
F_OM1
0.999541 -0.00389849 -0.0300285 224.191 
0.00668851 -0.938758 0.344513 -126.836 
-0.0295325 -0.344555 -0.938301 855.474 
0 0 0 1 
F_OM2
0.995982 0.0852591 -0.0273904 259.453 
-0.00755428 -0.224783 -0.97438 -70.6436 
-0.0892316 0.970672 -0.223235 822.752 
0 0 0 1 
F_RN measured
0.999951 -0.0036672 -0.00917839 0.338677 
0.00361425 0.999977 -0.00577911 378.102 
0.00919937 0.00574566 0.999941 -0.263584 
0 0 0 1 
F_RN expected
1 0 0 0 
0 1 0 357.3 
0 0 1 0 
0 0 0 1 
expected needle
0 405 -115
actual needle
1.21927 426.465 -114.983
difference vector
1.21927 21.465 0.0172481
difference magnitude
21.4996
0, 410
F_OM1
0.999534 -0.00366822 -0.030311 223.955 
0.00704299 -0.938282 0.3458 -124.9 
-0.0297087 -0.345852 -0.937819 850.76 
0 0 0 1 
F_OM2
0.996206 0.0814219 -0.0307219 259.448 
-0.0112149 -0.229964 -0.973135 -68.5408 
-0.0862994 0.969787 -0.228178 818.204 
0 0 0 1 
F_RN measured
0.999953 -0.00762448 -0.00592755 0.189622 
0.00761422 0.999969 -0.00175194 377.991 
0.00594073 0.00170673 0.999981 -0.287362 
0 0 0 1 
F_RN expected
1 0 0 0 
0 1 0 362.3 
0 0 1 0 
0 0 0 1 
expected needle
0 410 -115
actual needle
0.507603 425.891 -115.204
difference vector
0.507603 15.8912 -0.203755
difference magnitude
15.9007
0, 415
F_OM1
0.999537 -0.00358025 -0.0302264 223.749 
0.00711889 -0.938017 0.346516 -123.002 
-0.0295935 -0.346571 -0.937557 845.931 
0 0 0 1 
F_OM2
0.996427 0.0791755 -0.0294039 259.27 
-0.00962249 -0.239455 -0.97086 -66.4254 
-0.0839092 0.967674 -0.237837 813.722 
0 0 0 1 
F_RN measured
0.999924 -0.00944973 -0.00797713 0.256968 
0.00950766 0.999928 0.00725627 377.694 
0.00790799 -0.00733156 0.999942 -0.286725 
0 0 0 1 
F_RN expected
1 0 0 0 
0 1 0 367.3 
0 0 1 0 
0 0 0 1 
expected needle
0 415 -115
actual needle
0.723587 424.556 -115.63
difference vector
0.723587 9.55635 -0.629753
difference magnitude
9.60437
0, 425
F_OM1
0.999543 -0.00300517 -0.0300882 223.421 
0.00766837 -0.937328 0.348365 -119.269 
-0.0292494 -0.348436 -0.936876 836.702 
0 0 0 1 
F_OM2
0.995865 0.0847787 -0.0326442 258.828 
-0.0115088 -0.238706 -0.971024 -62.6955 
-0.0901145 0.967384 -0.236743 804.555 
0 0 0 1 
F_RN measured
0.999985 -0.00372591 -0.00392063 0.160914 
0.00374358 0.999983 0.0045094 377.756 
0.00390376 -0.00452401 0.999982 -0.266573 
0 0 0 1 
F_RN expected
1 0 0 0 
0 1 0 377.3 
0 0 1 0 
0 0 0 1 
expected needle
0 425 -115
actual needle
0.43406 424.937 -115.48
difference vector
0.43406 -0.0630793 -0.480315
difference magnitude
0.650453
0, 435
F_OM1
0.999515 -0.00261202 -0.0310352 222.859 
0.00841502 -0.936767 0.349853 -115.547 
-0.0299866 -0.349945 -0.93629 827.264 
0 0 0 1 
F_OM2
0.995387 0.086444 -0.0416256 258.451 
-0.0190152 -0.247503 -0.9687 -58.7386 
-0.0940408 0.965023 -0.244718 795.416 
0 0 0 1 
F_RN measured
0.999984 -0.00267599 0.00492989 -0.139709 
0.00261643 0.999924 0.0120474 377.506 
-0.00496175 -0.0120343 0.999915 -0.269836 
0 0 0 1 
F_RN expected
1 0 0 0 
0 1 0 387.3 
0 0 1 0 
0 0 0 1 
expected needle
0 435 -115
actual needle
-0.834291 423.816 -115.834
difference vector
-0.834291 -11.1836 -0.834131
difference magnitude
11.2456
0, 445
F_OM1
0.999536 -0.0017766 -0.0303978 222.616 
0.00901439 -0.936283 0.351131 -111.932 
-0.0290848 -0.351242 -0.935833 818.059 
0 0 0 1 
F_OM2
0.995465 0.085596 -0.0415155 258.219 
-0.0192866 -0.24575 -0.969141 -55.1234 
-0.0931571 0.965547 -0.242985 786.229 
0 0 0 1 
F_RN measured
0.999979 -0.00291698 0.00586074 -0.162342 
0.00286465 0.999956 0.00891768 377.594 
-0.00588649 -0.0089007 0.999943 -0.27647 
0 0 0 1 
F_RN expected
1 0 0 0 
0 1 0 397.3 
0 0 1 0 
0 0 0 1 
expected needle
0 445 -115
actual needle
-0.975467 424.266 -115.694
difference vector
-0.975467 -20.7337 -0.694486
difference magnitude
20.7682
0, 435
F_OM1
0.999517 -0.00426453 -0.0307839 222.863 
0.00672702 -0.937369 0.348274 -115.125 
-0.0303411 -0.348312 -0.936887 826.24 
0 0 0 1 
F_OM2
0.993601 0.088277 -0.0704577 259.277 
-0.0478626 -0.235949 -0.970586 -58.5462 
-0.102305 0.967748 -0.230214 793.753 
0 0 0 1 
F_RN measured
0.999449 -0.00115427 0.0331675 -1.12739 
0.00109761 0.999998 0.00172628 377.978 
-0.0331694 -0.00168893 0.999448 -0.353959 
0 0 0 1 
F_RN expected
1 0 0 0 
0 1 0 387.3 
0 0 1 0 
0 0 0 1 
expected needle
0 435 -115
actual needle
-4.99671 425.479 -115.371
difference vector
-4.99671 -9.5209 -0.371078
difference magnitude
10.7588
0, 425
F_OM1
0.999521 -0.00463384 -0.0305947 223.241 
0.00626454 -0.937947 0.346722 -118.825 
-0.0303028 -0.346747 -0.937469 835.621 
0 0 0 1 
F_OM2
0.993716 0.090413 -0.0659841 259.473 
-0.0435913 -0.230361 -0.972128 -62.3936 
-0.103093 0.968896 -0.224972 802.92 
0 0 0 1 
F_RN measured
0.999589 0.00097954 0.0286558 -0.970598 
-0.000908414 0.999996 -0.002495 378.119 
-0.0286582 0.00246795 0.999586 -0.360539 
0 0 0 1 
F_RN expected
1 0 0 0 
0 1 0 377.3 
0 0 1 0 
0 0 0 1 
expected needle
0 425 -115
actual needle
-4.2193 426.105 -115.195
difference vector
-4.2193 1.10542 -0.195234
difference magnitude
4.36607
0, 415
F_OM1
0.999529 -0.00544566 -0.0302092 223.639 
0.00532435 -0.938463 0.345338 -122.547 
-0.0302308 -0.345336 -0.937992 845 
0 0 0 1 
F_OM2
0.994485 0.0877457 -0.0574534 259.73 
-0.0364423 -0.224574 -0.973775 -66.2841 
-0.0983471 0.970498 -0.220138 812.071 
0 0 0 1 
F_RN measured
0.999806 -0.00158688 0.0196167 -0.670727 
0.0017229 0.999975 -0.00691897 378.282 
-0.0196053 0.00695143 0.999784 -0.363485 
0 0 0 1 
F_RN expected
1 0 0 0 
0 1 0 367.3 
0 0 1 0 
0 0 0 1 
expected needle
0 415 -115
actual needle
-3.00235 426.777 -115.007
difference vector
-3.00235 11.7767 -0.00701981
difference magnitude
12.1534
0, 410
F_OM1
0.999523 -0.00553737 -0.0303854 223.803 
0.00527296 -0.93876 0.344531 -124.398 
-0.0304324 -0.344527 -0.938283 849.715 
0 0 0 1 
F_OM2
0.994271 0.0887262 -0.0596066 259.886 
-0.0387975 -0.220051 -0.974717 -68.2426 
-0.0995994 0.971445 -0.215348 816.606 
0 0 0 1 
F_RN measured
0.999756 -0.000932614 0.0220564 -0.712992 
0.00116938 0.999942 -0.0107242 378.407 
-0.0220451 0.0107474 0.999699 -0.366715 
0 0 0 1 
F_RN expected
1 0 0 0 
0 1 0 362.3 
0 0 1 0 
0 0 0 1 
expected needle
0 410 -115
actual needle
-3.29396 427.337 -114.819
difference vector
-3.29396 17.3372 0.180526
difference magnitude
17.6482
0, 405
F_OM1
0.999519 -0.00585767 -0.030456 223.966 
0.00495275 -0.939253 0.34319 -126.29 
-0.0306162 -0.343176 -0.938772 854.371 
0 0 0 1 
F_OM2
0.994477 0.0894551 -0.0548941 259.903 
-0.0341198 -0.219066 -0.975113 -70.1749 
-0.0992543 0.971601 -0.214804 821.203 
0 0 0 1 
F_RN measured
0.999856 -0.000296908 0.0169754 -0.544023 
0.00047274 0.999946 -0.010355 378.395 
-0.0169714 0.0103615 0.999802 -0.373334 
0 0 0 1 
F_RN expected
1 0 0 0 
0 1 0 357.3 
0 0 1 0 
0 0 0 1 
expected needle
0 405 -115
actual needle
-2.51035 427.284 -114.856
difference vector
-2.51035 22.2837 0.143648
difference magnitude
22.4251
0, 395
F_OM1
0.999541 -0.00631513 -0.0296242 224.441 
0.00417694 -0.939943 0.341305 -130.037 
-0.0300005 -0.341272 -0.939486 863.706 
0 0 0 1 
F_OM2
0.994884 0.0882504 -0.0491662 260.302 
-0.0291041 -0.215667 -0.976033 -74.0497 
-0.0967388 0.972471 -0.211995 830.404 
0 0 0 1 
F_RN measured
0.999942 -0.000798858 0.0107864 -0.364325 
0.000926875 0.999929 -0.0118687 378.449 
-0.0107761 0.011878 0.999871 -0.368366 
0 0 0 1 
F_RN expected
1 0 0 0 
0 1 0 347.3 
0 0 1 0 
0 0 0 1 
expected needle
0 395 -115
actual needle
-1.64286 427.511 -114.787
difference vector
-1.64286 32.5109 0.213004
difference magnitude
32.5531
0, 385
F_OM1
0.999548 -0.00643113 -0.029383 224.856 
0.00389633 -0.94096 0.338495 -133.808 
-0.0298252 -0.338456 -0.940509 873.008 
0 0 0 1 
F_OM2
0.995212 0.0862989 -0.0458877 260.692 
-0.0263836 -0.214862 -0.976288 -77.884 
-0.0941121 0.972824 -0.211556 839.633 
0 0 0 1 
F_RN measured
0.999971 -0.00245047 0.00714855 -0.247233 
0.00251966 0.99995 -0.00968619 378.366 
-0.00712446 0.00970392 0.999928 -0.367149 
0 0 0 1 
F_RN expected
1 0 0 0 
0 1 0 337.3 
0 0 1 0 
0 0 0 1 
expected needle
0 385 -115
actual needle
-1.1862 427.177 -114.896
difference vector
-1.1862 42.1774 0.104061
difference magnitude
42.1942
0, 375
F_OM1
0.999552 -0.00620079 -0.0292843 225.282 
0.00402585 -0.941573 0.336786 -137.515 
-0.0296616 -0.336753 -0.941126 882.382 
0 0 0 1 
F_OM2
0.995475 0.0858714 -0.0406821 260.962 
-0.0213598 -0.214955 -0.97639 -81.6055 
-0.0925888 0.972842 -0.212148 848.968 
0 0 0 1 
F_RN measured
0.999994 -0.00267785 0.00196396 -0.0553245 
0.00269305 0.999966 -0.00777929 378.322 
-0.00194306 0.00778454 0.999968 -0.358144 
0 0 0 1 
F_RN expected
1 0 0 0 
0 1 0 327.3 
0 0 1 0 
0 0 0 1 
expected needle
0 375 -115
actual needle
-0.408913 426.915 -114.983
difference vector
-0.408913 51.9152 0.0168805
difference magnitude
51.9168
0, 385
F_OM1
0.99955 -0.00402225 -0.0297098 225.014 
0.00631847 -0.940441 0.339899 -134.401 
-0.0293074 -0.339934 -0.939993 874.195 
0 0 0 1 
F_OM2
0.995885 0.0866894 -0.0264309 260.236 
-0.00715481 -0.215524 -0.976472 -78.4376 
-0.0903463 0.972643 -0.214017 841.066 
0 0 0 1 
F_RN measured
0.999949 -0.00209932 -0.00989373 0.344414 
0.00199637 0.999944 -0.0104041 378.256 
0.00991501 0.0103838 0.999897 -0.303413 
0 0 0 1 
F_RN expected
1 0 0 0 
0 1 0 337.3 
0 0 1 0 
0 0 0 1 
expected needle
0 385 -115
actual needle
1.38206 427.15 -114.796
difference vector
1.38206 42.1496 0.203749
difference magnitude
42.1727
0, 395
F_OM1
0.999538 -0.00414442 -0.0300997 224.561 
0.00641428 -0.939544 0.342368 -130.573 
-0.0296989 -0.342403 -0.939084 864.767 
0 0 0 1 
F_OM2
0.996029 0.084951 -0.0266239 259.809 
-0.00681576 -0.225416 -0.974239 -74.3408 
-0.088764 0.970552 -0.223942 832.017 
0 0 0 1 
F_RN measured
0.999938 -0.00396966 -0.0104443 0.386428 
0.00393992 0.999988 -0.00286658 378.012 
0.0104556 0.00282526 0.999941 -0.323351 
0 0 0 1 
F_RN expected
1 0 0 0 
0 1 0 347.3 
0 0 1 0 
0 0 0 1 
expected needle
0 395 -115
actual needle
1.39817 426.041 -115.182
difference vector
1.39817 31.0409 -0.181842
difference magnitude
31.0729
0, 405
F_OM1
0.99954 -0.00394047 -0.0300753 224.191 
0.00665138 -0.93892 0.344073 -126.871 
-0.0295941 -0.344114 -0.938461 855.453 
0 0 0 1 
F_OM2
0.996062 0.0845366 -0.0267351 259.462 
-0.00698083 -0.225825 -0.974143 -70.5814 
-0.0883882 0.970493 -0.224345 822.775 
0 0 0 1 
F_RN measured
0.99994 -0.00438752 -0.0100098 0.362186 
0.00434524 0.999982 -0.00424112 378.048 
0.0100282 0.00419737 0.999941 -0.346748 
0 0 0 1 
F_RN expected
1 0 0 0 
0 1 0 357.3 
0 0 1 0 
0 0 0 1 
expected needle
0 405 -115
actual needle
1.30402 426.235 -115.14
difference vector
1.30402 21.2347 -0.139738
difference magnitude
21.2752
0, 410
F_OM1
0.999535 -0.00367015 -0.0302782 223.956 
0.00701872 -0.938411 0.345449 -124.937 
-0.0296812 -0.345501 -0.937949 850.74 
0 0 0 1 
F_OM2
0.996223 0.0812834 -0.0305529 259.452 
-0.0110138 -0.23073 -0.972956 -68.4778 
-0.0861346 0.969617 -0.228963 818.214 
0 0 0 1 
F_RN measured
0.999951 -0.00768845 -0.00620663 0.197936 
0.00768491 0.99997 -0.000594228 377.962 
0.00621101 0.000546502 0.999981 -0.37587 
0 0 0 1 
F_RN expected
1 0 0 0 
0 1 0 362.3 
0 0 1 0 
0 0 0 1 
expected needle
0 410 -115
actual needle
0.544959 425.729 -115.348
difference vector
0.544959 15.7287 -0.347567
difference magnitude
15.742
0, 415
F_OM1
0.999538 -0.00358684 -0.0301816 223.752 
0.00708674 -0.93814 0.346185 -123.036 
-0.0295563 -0.346239 -0.937681 845.912 
0 0 0 1 
F_OM2
0.996424 0.0792124 -0.0293918 259.271 
-0.00954648 -0.240093 -0.970703 -66.3652 
-0.0839485 0.967513 -0.238479 813.728 
0 0 0 1 
F_RN measured
0.999924 -0.0093311 -0.00809045 0.264288 
0.00939794 0.999922 0.00826319 377.671 
0.00801272 -0.0083386 0.999933 -0.371281 
0 0 0 1 
F_RN expected
1 0 0 0 
0 1 0 367.3 
0 0 1 0 
0 0 0 1 
expected needle
0 415 -115
actual needle
0.749597 424.417 -115.761
difference vector
0.749597 9.41738 -0.761342
difference magnitude
9.47779
0, 425
F_OM1
0.999542 -0.00296652 -0.0301028 223.417 
0.00769811 -0.937465 0.347994 -119.308 
-0.0292527 -0.348066 -0.937013 836.693 
0 0 0 1 
F_OM2
0.995908 0.084218 -0.0327841 258.845 
-0.0117309 -0.239224 -0.970893 -62.6444 
-0.0896095 0.967305 -0.237258 804.573 
0 0 0 1 
F_RN measured
0.999984 -0.00426458 -0.00382328 0.158732 
0.00428538 0.999976 0.00544742 377.725 
0.00379996 -0.00546371 0.999978 -0.350056 
0 0 0 1 
F_RN expected
1 0 0 0 
0 1 0 377.3 
0 0 1 0 
0 0 0 1 
expected needle
0 425 -115
actual needle
0.394989 424.798 -115.608
difference vector
0.394989 -0.202284 -0.608129
difference magnitude
0.752831
0, 435
F_OM1
0.999515 -0.00257624 -0.0310447 222.863 
0.00843941 -0.936911 0.349465 -115.584 
-0.0299864 -0.349557 -0.936435 827.239 
0 0 0 1 
F_OM2
0.995445 0.0857831 -0.0415906 258.47 
-0.0190903 -0.248061 -0.968556 -58.6852 
-0.0934028 0.964939 -0.245294 795.421 
0 0 0 1 
F_RN measured
0.999983 -0.00330846 0.0048417 -0.132498 
0.00324503 0.99991 0.0130511 377.47 
-0.00488444 -0.0130351 0.999903 -0.354155 
0 0 0 1 
F_RN expected
1 0 0 0 
0 1 0 387.3 
0 0 1 0 
0 0 0 1 
expected needle
0 435 -115
actual needle
-0.847106 423.665 -115.965
difference vector
-0.847106 -11.3348 -0.964788
difference magnitude
11.4073
0, 445
F_OM1
0.999539 -0.00174181 -0.0303115 222.629 
0.00900597 -0.936412 0.350787 -111.965 
-0.0289951 -0.350898 -0.935965 818.035 
0 0 0 1 
F_OM2
0.995547 0.0848093 -0.0411462 258.248 
-0.0190515 -0.246465 -0.968964 -55.0654 
-0.0923183 0.965434 -0.243752 786.24 
0 0 0 1 
F_RN measured
0.999979 -0.00357748 0.00541551 -0.148122 
0.00352302 0.999943 0.0100331 377.561 
-0.00545109 -0.0100138 0.999935 -0.357035 
0 0 0 1 
F_RN expected
1 0 0 0 
0 1 0 397.3 
0 0 1 0 
0 0 0 1 
expected needle
0 445 -115
actual needle
-0.941551 424.104 -115.827
difference vector
-0.941551 -20.8955 -0.827217
difference magnitude
20.9331
0, 435
F_OM1
0.999519 -0.00424641 -0.0307329 222.866 
0.00671605 -0.937486 0.347959 -115.165 
-0.0302892 -0.347998 -0.937006 826.227 
0 0 0 1 
F_OM2
0.993628 0.0879256 -0.0705221 259.295 
-0.0479884 -0.236128 -0.970536 -58.5049 
-0.101987 0.967736 -0.230403 793.76 
0 0 0 1 
F_RN measured
0.999448 -0.00143487 0.0331963 -1.12781 
0.00136065 0.999997 0.00225834 377.959 
-0.0331994 -0.00221193 0.999446 -0.437721 
0 0 0 1 
F_RN expected
1 0 0 0 
0 1 0 387.3 
0 0 1 0 
0 0 0 1 
expected needle
0 435 -115
actual needle
-5.01382 425.399 -115.48
difference vector
-5.01382 -9.60115 -0.479555
difference magnitude
10.8421
0, 425
F_OM1
0.99952 -0.00461403 -0.0306273 223.24 
0.00628484 -0.938057 0.346424 -118.87 
-0.0303285 -0.346451 -0.937578 835.611 
0 0 0 1 
F_OM2
0.993705 0.0904968 -0.0660364 259.476 
-0.0436087 -0.2305 -0.972095 -62.3587 
-0.103193 0.968855 -0.225102 802.926 
0 0 0 1 
F_RN measured
0.999588 0.00105101 0.0286912 -0.974446 
-0.000992935 0.999997 -0.00203847 378.102 
-0.0286933 0.00200914 0.999586 -0.443184 
0 0 0 1 
F_RN expected
1 0 0 0 
0 1 0 377.3 
0 0 1 0 
0 0 0 1 
expected needle
0 425 -115
actual needle
-4.2238 426.037 -115.3
difference vector
-4.2238 1.03655 -0.299767
difference magnitude
4.35945
0, 415
F_OM1
0.999525 -0.00542555 -0.0303252 223.631 
0.00537315 -0.938579 0.345024 -122.595 
-0.0303345 -0.345023 -0.938104 844.995 
0 0 0 1 
F_OM2
0.994424 0.0883119 -0.0576341 259.715 
-0.0364902 -0.224606 -0.973766 -66.252 
-0.09894 0.97044 -0.220131 812.078 
0 0 0 1 
F_RN measured
0.999803 -0.00111702 0.0198019 -0.679417 
0.00124728 0.999978 -0.00656693 378.267 
-0.0197941 0.00659033 0.999782 -0.447702 
0 0 0 1 
F_RN expected
1 0 0 0 
0 1 0 367.3 
0 0 1 0 
0 0 0 1 
expected needle
0 415 -115
actual needle
-3.00991 426.721 -115.108
difference vector
-3.00991 11.7213 -0.108314
difference magnitude
12.1021
0, 410
F_OM1
0.999521 -0.00551238 -0.0304521 223.798 
0.00531175 -0.938847 0.344295 -124.438 
-0.0304877 -0.344292 -0.938368 849.715 
0 0 0 1 
F_OM2
0.994239 0.0890437 -0.0596732 259.879 
-0.0387945 -0.220044 -0.974718 -68.2038 
-0.0999233 0.971417 -0.215322 816.616 
0 0 0 1 
F_RN measured
0.999755 -0.000667459 0.0221359 -0.718681 
0.0008998 0.999945 -0.0104878 378.4 
-0.0221277 0.0105051 0.9997 -0.449121 
0 0 0 1 
F_RN expected
1 0 0 0 
0 1 0 362.3 
0 0 1 0 
0 0 0 1 
expected needle
0 410 -115
actual needle
-3.29615 427.303 -114.914
difference vector
-3.29615 17.303 0.0864793
difference magnitude
17.6144
0, 405
F_OM1
0.999518 -0.00581744 -0.0305077 223.963 
0.00499926 -0.939354 0.342913 -126.327 
-0.0306524 -0.3429 -0.938872 854.369 
0 0 0 1 
F_OM2
0.994496 0.089326 -0.0547656 259.905 
-0.0340105 -0.219177 -0.975092 -70.13 
-0.0991045 0.971588 -0.214932 821.215 
0 0 0 1 
F_RN measured
0.999858 -0.000456991 0.0168555 -0.543658 
0.000624574 0.99995 -0.00993842 378.382 
-0.0168501 0.00994754 0.999809 -0.456714 
0 0 0 1 
F_RN expected
1 0 0 0 
0 1 0 357.3 
0 0 1 0 
0 0 0 1 
expected needle
0 405 -115
actual needle
-2.50383 427.223 -114.96
difference vector
-2.50383 22.2229 0.0398014
difference magnitude
22.3635
0, 395
F_OM1
0.999545 -0.0062561 -0.0295076 224.45 
0.00418277 -0.940056 0.340995 -130.068 
-0.0298721 -0.340963 -0.939602 863.692 
0 0 0 1 
F_OM2
0.994898 0.0882987 -0.0487915 260.302 
-0.0286955 -0.215975 -0.975977 -73.9932 
-0.0967152 0.972398 -0.212339 830.417 
0 0 0 1 
F_RN measured
0.999946 -0.000602167 0.0103957 -0.350426 
0.00071891 0.999937 -0.0112298 378.43 
-0.0103883 0.0112367 0.999883 -0.45379 
0 0 0 1 
F_RN expected
1 0 0 0 
0 1 0 347.3 
0 0 1 0 
0 0 0 1 
expected needle
0 395 -115
actual needle
-1.57465 427.418 -114.904
difference vector
-1.57465 32.418 0.0956667
difference magnitude
32.4564
0, 385
F_OM1
0.999548 -0.00636235 -0.02939 224.85 
0.00395057 -0.941106 0.338088 -133.848 
-0.0298102 -0.338052 -0.940655 873.012 
0 0 0 1 
F_OM2
0.995178 0.0866128 -0.0460217 260.682 
-0.026463 -0.214708 -0.97632 -77.8453 
-0.0944431 0.97283 -0.211381 839.639 
0 0 0 1 
F_RN measured
0.999971 -0.00212273 0.00732871 -0.251581 
0.00219172 0.999953 -0.00941766 378.359 
-0.00730838 0.00943345 0.999929 -0.453045 
0 0 0 1 
F_RN expected
1 0 0 0 
0 1 0 337.3 
0 0 1 0 
0 0 0 1 
expected needle
0 385 -115
actual needle
-1.19564 427.139 -114.995
difference vector
-1.19564 42.1394 0.00511863
difference magnitude
42.1564
0, 375
F_OM1
0.99955 -0.00613249 -0.0293674 225.283 
0.00410968 -0.941669 0.336516 -137.555 
-0.029718 -0.336485 -0.94122 882.383 
0 0 0 1 
F_OM2
0.995484 0.0858041 -0.0406119 260.965 
-0.0212932 -0.215082 -0.976364 -81.5601 
-0.0925109 0.972819 -0.212284 848.981 
0 0 0 1 
F_RN measured
0.999994 -0.00280288 0.00193448 -0.056184 
0.00281704 0.999969 -0.00735471 378.31 
-0.0019138 0.00736011 0.999971 -0.44218 
0 0 0 1 
F_RN expected
1 0 0 0 
0 1 0 327.3 
0 0 1 0 
0 0 0 1 
expected needle
0 375 -115
actual needle
-0.412346 426.854 -115.088
difference vector
-0.412346 51.8541 -0.0877771
difference magnitude
51.8558
0, 385
F_OM1
0.999548 -0.00397117 -0.0297934 225.006 
0.00638223 -0.940588 0.33949 -134.444 
-0.0293715 -0.339527 -0.940138 874.184 
0 0 0 1 
F_OM2
0.995884 0.0866578 -0.0265528 260.239 
-0.00726699 -0.215677 -0.976438 -78.4004 
-0.0903427 0.972612 -0.214159 841.065 
0 0 0 1 
F_RN measured
0.99995 -0.00218594 -0.00976253 0.333597 
0.00209017 0.99995 -0.00980948 378.236 
0.00978348 0.00978859 0.999904 -0.384553 
0 0 0 1 
F_RN expected
1 0 0 0 
0 1 0 337.3 
0 0 1 0 
0 0 0 1 
expected needle
0 385 -115
actual needle
1.35202 427.061 -114.907
difference vector
1.35202 42.0613 0.0933767
difference magnitude
42.0831
0, 395
F_OM1
0.999539 -0.00418225 -0.0300576 224.557 
0.00635507 -0.939651 0.342076 -130.615 
-0.0296743 -0.342109 -0.939191 864.744 
0 0 0 1 
F_OM2
0.996076 0.084576 -0.0260792 259.811 
-0.00631045 -0.226045 -0.974096 -74.3004 
-0.0882803 0.970438 -0.224624 832.024 
0 0 0 1 
F_RN measured
0.999929 -0.00427334 -0.0111192 0.402348 
0.0042523 0.999989 -0.00191499 377.983 
0.0111272 0.00186757 0.999936 -0.397774 
0 0 0 1 
F_RN expected
1 0 0 0 
0 1 0 347.3 
0 0 1 0 
0 0 0 1 
expected needle
0 395 -115
actual needle
1.47721 425.903 -115.301
difference vector
1.47721 30.9025 -0.30137
difference magnitude
30.9393
0, 405
F_OM1
0.999541 -0.00381405 -0.0300433 224.195 
0.00674831 -0.939044 0.34373 -126.92 
-0.029523 -0.343775 -0.938588 855.446 
0 0 0 1 
F_OM2
0.996067 0.0846006 -0.0263232 259.46 
-0.00655575 -0.22591 -0.974126 -70.5561 
-0.0883584 0.970468 -0.224467 822.784 
0 0 0 1 
F_RN measured
0.999937 -0.0042592 -0.0103421 0.367345 
0.00422024 0.999984 -0.00378637 378.031 
0.010358 0.00374249 0.999939 -0.42186 
0 0 0 1 
F_RN expected
1 0 0 0 
0 1 0 357.3 
0 0 1 0 
0 0 0 1 
expected needle
0 405 -115
actual needle
1.35352 426.166 -115.236
difference vector
1.35352 21.1659 -0.236368
difference magnitude
21.2105
0, 410
F_OM1
0.999537 -0.00360468 -0.0302161 223.957 
0.00704797 -0.938536 0.345108 -124.988 
-0.0296029 -0.345161 -0.938076 850.722 
0 0 0 1 
F_OM2
0.996248 0.0810734 -0.0302736 259.452 
-0.0107309 -0.231389 -0.972802 -68.4431 
-0.0858733 0.969477 -0.229651 818.225 
0 0 0 1 
F_RN measured
0.999948 -0.00779138 -0.00652246 0.209416 
0.00779446 0.99997 0.000446791 377.933 
0.00651878 -0.000497607 0.999979 -0.450044 
0 0 0 1 
F_RN expected
1 0 0 0 
0 1 0 362.3 
0 0 1 0 
0 0 0 1 
expected needle
0 410 -115
actual needle
0.587851 425.581 -115.471
difference vector
0.587851 15.5806 -0.471322
difference magnitude
15.5988
0, 415
F_OM1
0.999535 -0.00358535 -0.0302813 223.752 
0.00711034 -0.938283 0.345794 -123.083 
-0.0296522 -0.345849 -0.937822 845.901 
0 0 0 1 
F_OM2
0.996422 0.0792599 -0.0293325 259.273 
-0.0094164 -0.240795 -0.97053 -66.3244 
-0.0839873 0.967334 -0.239187 813.742 
0 0 0 1 
F_RN measured
0.999922 -0.00933951 -0.00823856 0.264323 
0.00941687 0.999911 0.00940168 377.637 
0.00815002 -0.00947853 0.999922 -0.448347 
0 0 0 1 
F_RN expected
1 0 0 0 
0 1 0 367.3 
0 0 1 0 
0 0 0 1 
expected needle
0 415 -115
actual needle
0.766262 424.252 -115.891
difference vector
0.766262 9.25189 -0.891488
difference magnitude
9.32628
0, 425
F_OM1
0.999543 -0.00287988 -0.0300974 223.418 
0.00776871 -0.937569 0.347712 -119.355 
-0.0292198 -0.347787 -0.937118 836.672 
0 0 0 1 
F_OM2
0.995949 0.0838595 -0.0324419 258.847 
-0.0114276 -0.239826 -0.970749 -62.6084 
-0.0891869 0.967187 -0.237896 804.585 
0 0 0 1 
F_RN measured
0.999981 -0.00457537 -0.00416339 0.171494 
0.00460185 0.999969 0.00637265 377.694 
0.00413411 -0.00639169 0.999971 -0.423028 
0 0 0 1 
F_RN expected
1 0 0 0 
0 1 0 377.3 
0 0 1 0 
0 0 0 1 
expected needle
0 425 -115
actual needle
0.432039 424.66 -115.725
difference vector
0.432039 -0.340398 -0.72458
difference magnitude
0.909694
0, 435
F_OM1
0.999516 -0.00254441 -0.0310192 222.861 
0.00845097 -0.937021 0.349172 -115.63 
-0.0299541 -0.349265 -0.936545 827.232 
0 0 0 1 
F_OM2
0.995614 0.0837941 -0.0416022 258.525 
-0.019552 -0.248499 -0.968435 -58.6567 
-0.0914872 0.965001 -0.24577 795.435 
0 0 0 1 
F_RN measured
0.999975 -0.00524798 0.00481045 -0.128482 
0.00518089 0.999891 0.0138535 377.446 
-0.00488263 -0.0138282 0.999892 -0.423334 
0 0 0 1 
F_RN expected
1 0 0 0 
0 1 0 387.3 
0 0 1 0 
0 0 0 1 
expected needle
0 435 -115
actual needle
-0.932013 423.547 -116.071
difference vector
-0.932013 -11.4526 -1.07057
difference magnitude
11.5402
0, 445
F_OM1
0.999537 -0.00169146 -0.03039 222.615 
0.00907098 -0.936529 0.350473 -112.004 
-0.029054 -0.350586 -0.93608 818.021 
0 0 0 1 
F_OM2
0.995566 0.0845183 -0.0412979 258.248 
-0.019249 -0.246692 -0.968903 -55.0328 
-0.0920779 0.965401 -0.243971 786.239 
0 0 0 1 
F_RN measured
0.999977 -0.00392165 0.00557543 -0.154382 
0.00386231 0.999936 0.0106132 377.542 
-0.0056167 -0.0105914 0.999928 -0.426965 
0 0 0 1 
F_RN expected
1 0 0 0 
0 1 0 397.3 
0 0 1 0 
0 0 0 1 
expected needle
0 445 -115
actual needle
-0.982619 424.018 -115.924
difference vector
-0.982619 -20.9818 -0.923909
difference magnitude
21.0251
0, 435
F_OM1
0.999519 -0.00419051 -0.0307394 222.857 
0.00676316 -0.937573 0.347723 -115.2 
-0.0302776 -0.347764 -0.937093 826.227 
0 0 0 1 
F_OM2
0.993484 0.0891511 -0.0709981 259.268 
-0.048186 -0.235963 -0.970567 -58.4736 
-0.10328 0.967664 -0.23013 793.769 
0 0 0 1 
F_RN measured
0.999431 -0.000201237 0.0337295 -1.14751 
0.000124343 0.999997 0.0022818 377.955 
-0.0337298 -0.00227631 0.999428 -0.510646 
0 0 0 1 
F_RN expected
1 0 0 0 
0 1 0 387.3 
0 0 1 0 
0 0 0 1 
expected needle
0 435 -115
actual needle
-5.036 425.392 -115.553
difference vector
-5.036 -9.60756 -0.553492
difference magnitude
10.8615
0, 425
F_OM1
0.999521 -0.0045491 -0.0306235 223.241 
0.00633359 -0.938181 0.346088 -118.905 
-0.0303048 -0.346116 -0.937702 835.602 
0 0 0 1 
F_OM2
0.993651 0.0911923 -0.0658841 259.456 
-0.043293 -0.23058 -0.97209 -62.323 
-0.103839 0.968771 -0.225168 802.933 
0 0 0 1 
F_RN measured
0.99959 0.00177769 0.0285652 -0.970825 
-0.00173191 0.999997 -0.00162724 378.086 
-0.028568 0.0015771 0.999591 -0.516571 
0 0 0 1 
F_RN expected
1 0 0 0 
0 1 0 377.3 
0 0 1 0 
0 0 0 1 
expected needle
0 425 -115
actual needle
-4.17103 425.973 -115.394
difference vector
-4.17103 0.973155 -0.394263
difference magnitude
4.30116
0, 415
F_OM1
0.999525 -0.00537308 -0.0303471 223.63 
0.00542212 -0.938668 0.34478 -122.633 
-0.0303384 -0.344781 -0.938193 844.991 
0 0 0 1 
F_OM2
0.994373 0.0888632 -0.0576766 259.702 
-0.0364113 -0.224587 -0.973774 -66.2248 
-0.099486 0.970394 -0.220088 812.085 
0 0 0 1 
F_RN measured
0.999802 -0.000569536 0.0198797 -0.682872 
0.000695781 0.99998 -0.00634411 378.259 
-0.0198757 0.00635669 0.999782 -0.516324 
0 0 0 1 
F_RN expected
1 0 0 0 
0 1 0 367.3 
0 0 1 0 
0 0 0 1 
expected needle
0 415 -115
actual needle
-2.9962 426.687 -115.188
difference vector
-2.9962 11.6873 -0.188069
difference magnitude
12.0667
0, 410
F_OM1
0.99952 -0.00547976 -0.0304778 223.803 
0.00534566 -0.938909 0.344123 -124.475 
-0.0305016 -0.344121 -0.93843 849.701 
0 0 0 1 
F_OM2
0.99426 0.089057 -0.059292 259.879 
-0.0383929 -0.220288 -0.974679 -68.1711 
-0.0998633 0.971361 -0.215604 816.616 
0 0 0 1 
F_RN measured
0.999763 -0.000659041 0.0217494 -0.711037 
0.000877892 0.999949 -0.0100544 378.39 
-0.0217416 0.0100711 0.999713 -0.514395 
0 0 0 1 
F_RN expected
1 0 0 0 
0 1 0 362.3 
0 0 1 0 
0 0 0 1 
expected needle
0 410 -115
actual needle
-3.24365 427.244 -115.001
difference vector
-3.24365 17.2442 -0.000986363
difference magnitude
17.5466
0, 405
F_OM1
0.999518 -0.00576786 -0.0305104 223.966 
0.00504173 -0.93941 0.342758 -126.366 
-0.0306387 -0.342747 -0.938928 854.359 
0 0 0 1 
F_OM2
0.994504 0.0893061 -0.0546504 259.911 
-0.0338879 -0.219314 -0.975066 -70.1024 
-0.0990649 0.971558 -0.215082 821.22 
0 0 0 1 
F_RN measured
0.999859 -0.000461577 0.0167616 -0.544839 
0.000623078 0.999953 -0.00963124 378.373 
-0.0167564 0.00964033 0.999813 -0.521851 
0 0 0 1 
F_RN expected
1 0 0 0 
0 1 0 357.3 
0 0 1 0 
0 0 0 1 
expected needle
0 405 -115
actual needle
-2.49444 427.178 -115.041
difference vector
-2.49444 22.1781 -0.0405164
difference magnitude
22.3179
0, 395
F_OM1
0.99954 -0.00620927 -0.0296719 224.442 
0.00427282 -0.940169 0.34068 -130.109 
-0.030012 -0.340651 -0.939711 863.697 
0 0 0 1 
F_OM2
0.99487 0.088473 -0.0490529 260.299 
-0.0289322 -0.215798 -0.976009 -73.9714 
-0.096936 0.972422 -0.212131 830.417 
0 0 0 1 
F_RN measured
0.999942 -0.000577954 0.0107129 -0.364788 
0.000696582 0.999938 -0.011073 378.425 
-0.0107059 0.0110798 0.999881 -0.52285 
0 0 0 1 
F_RN expected
1 0 0 0 
0 1 0 347.3 
0 0 1 0 
0 0 0 1 
expected needle
0 395 -115
actual needle
-1.62434 427.395 -114.981
difference vector
-1.62434 32.3952 0.0193071
difference magnitude
32.4359
0, 385
F_OM1
0.99955 -0.00624718 -0.0293476 224.858 
0.00404081 -0.94115 0.337966 -133.881 
-0.0297319 -0.337933 -0.940701 873.002 
0 0 0 1 
F_OM2
0.995142 0.0870653 -0.0459522 260.676 
-0.0262852 -0.214843 -0.976295 -77.8063 
-0.0948739 0.97276 -0.211511 839.649 
0 0 0 1 
F_RN measured
0.999972 -0.00160125 0.00734475 -0.251592 
0.0016685 0.999957 -0.00915853 378.351 
-0.00732977 0.00917053 0.999931 -0.52209 
0 0 0 1 
F_RN expected
1 0 0 0 
0 1 0 337.3 
0 0 1 0 
0 0 0 1 
expected needle
0 385 -115
actual needle
-1.17262 427.102 -115.077
difference vector
-1.17262 42.1023 -0.076731
difference magnitude
42.1187
0, 375
F_OM1
0.999551 -0.00608011 -0.0293283 225.279 
0.00413694 -0.94177 0.336233 -137.592 
-0.0296648 -0.336204 -0.941322 882.374 
0 0 0 1 
F_OM2
0.995464 0.0859938 -0.0407114 260.961 
-0.0213576 -0.215004 -0.97638 -81.5348 
-0.0927157 0.97282 -0.212192 848.976 
0 0 0 1 
F_RN measured
0.999995 -0.00255852 0.00206217 -0.059684 
0.00257318 0.999971 -0.00713791 378.306 
-0.00204385 0.00714318 0.999972 -0.509368 
0 0 0 1 
F_RN expected
1 0 0 0 
0 1 0 327.3 
0 0 1 0 
0 0 0 1 
expected needle
0 375 -115
actual needle
-0.418876 426.825 -115.165
difference vector
-0.418876 51.8253 -0.165464
difference magnitude
51.8272
0, 385
F_OM1
0.999551 -0.00397143 -0.0297022 225.011 
0.00633995 -0.940716 0.339136 -134.471 
-0.0292882 -0.339172 -0.940268 874.157 
0 0 0 1 
F_OM2
0.996057 0.0847852 -0.0261135 260.29 
-0.00715984 -0.216565 -0.976242 -78.3509 
-0.0884261 0.97258 -0.215104 841.071 
0 0 0 1 
F_RN measured
0.999939 -0.0039282 -0.0103312 0.350575 
0.0038403 0.999956 -0.00851435 378.195 
0.0103642 0.00847415 0.99991 -0.448461 
0 0 0 1 
F_RN expected
1 0 0 0 
0 1 0 337.3 
0 0 1 0 
0 0 0 1 
expected needle
0 385 -115
actual needle
1.35129 426.872 -115.034
difference vector
1.35129 41.8723 -0.033938
difference magnitude
41.8941
0, 395
F_OM1
0.999537 -0.00396299 -0.0301796 224.557 
0.00659556 -0.939734 0.341843 -130.654 
-0.0297155 -0.341883 -0.939273 864.766 
0 0 0 1 
F_OM2
0.996061 0.084778 -0.0259854 259.806 
-0.00622559 -0.225468 -0.974231 -74.2917 
-0.0884523 0.970555 -0.224052 832.038 
0 0 0 1 
F_RN measured
0.999931 -0.00417761 -0.0109503 0.389132 
0.00415326 0.999989 -0.00224574 377.987 
0.0109596 0.00220011 0.999938 -0.454914 
0 0 0 1 
F_RN expected
1 0 0 0 
0 1 0 347.3 
0 0 1 0 
0 0 0 1 
expected needle
0 395 -115
actual needle
1.44915 425.945 -115.343
difference vector
1.44915 30.9452 -0.342784
difference magnitude
30.981
0, 405
F_OM1
0.999543 -0.00378688 -0.0299971 224.198 
0.00674823 -0.939157 0.343421 -126.947 
-0.0294725 -0.343466 -0.938702 855.431 
0 0 0 1 
F_OM2
0.996126 0.0840548 -0.0258446 259.473 
-0.00616826 -0.226385 -0.974018 -70.5232 
-0.0877218 0.970404 -0.22499 822.789 
0 0 0 1 
F_RN measured
0.99993 -0.00472777 -0.0108743 0.378218 
0.00469574 0.999985 -0.00296942 378.007 
0.0108881 0.00291815 0.999936 -0.475533 
0 0 0 1 
F_RN expected
1 0 0 0 
0 1 0 357.3 
0 0 1 0 
0 0 0 1 
expected needle
0 405 -115
actual needle
1.40324 426.048 -115.329
difference vector
1.40324 21.0478 -0.329031
difference magnitude
21.0971
0, 410
F_OM1
0.999538 -0.00352829 -0.0301787 223.958 
0.00710028 -0.938612 0.344902 -125.018 
-0.029543 -0.344957 -0.938153 850.713 
0 0 0 1 
F_OM2
0.99626 0.0809681 -0.0301654 259.453 
-0.0106078 -0.231862 -0.972691 -68.4082 
-0.0857511 0.969373 -0.230136 818.239 
0 0 0 1 
F_RN measured
0.999947 -0.00782468 -0.0066226 0.213919 
0.0078325 0.999969 0.00115452 377.914 
0.00661336 -0.00120633 0.999977 -0.506067 
0 0 0 1 
F_RN expected
1 0 0 0 
0 1 0 362.3 
0 0 1 0 
0 0 0 1 
expected needle
0 410 -115
actual needle
0.602281 425.479 -115.561
difference vector
0.602281 15.4793 -0.561011
difference magnitude
15.5012
0, 415
F_OM1
0.999536 -0.00351013 -0.0302567 223.748 
0.00716676 -0.938349 0.345615 -123.114 
-0.0296045 -0.345671 -0.937889 845.899 
0 0 0 1 
F_OM2
0.99643 0.0791797 -0.0292914 259.27 
-0.00937222 -0.241065 -0.970464 -66.2931 
-0.0839021 0.967273 -0.239463 813.747 
0 0 0 1 
F_RN measured
0.999922 -0.00936956 -0.0082496 0.264728 
0.00945089 0.999907 0.00987457 377.634 
0.00815631 -0.00995177 0.999917 -0.503084 
0 0 0 1 
F_RN expected
1 0 0 0 
0 1 0 367.3 
0 0 1 0 
0 0 0 1 
expected needle
0 415 -115
actual needle
0.766504 424.194 -115.968
difference vector
0.766504 9.19437 -0.968263
difference magnitude
9.27693
0, 425
F_OM1
0.999544 -0.00278375 -0.0300614 223.42 
0.00784092 -0.937633 0.347539 -119.381 
-0.029154 -0.347616 -0.937184 836.665 
0 0 0 1 
F_OM2
0.995981 0.08351 -0.0323786 258.861 
-0.0114202 -0.240147 -0.970669 -62.5782 
-0.0888362 0.967138 -0.238228 804.594 
0 0 0 1 
F_RN measured
0.999979 -0.00486045 -0.00418169 0.168472 
0.00488921 0.999964 0.0068958 377.68 
0.00414803 -0.0069161 0.999967 -0.472039 
0 0 0 1 
F_RN expected
1 0 0 0 
0 1 0 377.3 
0 0 1 0 
0 0 0 1 
expected needle
0 425 -115
actual needle
0.417523 424.585 -115.798
difference vector
0.417523 -0.414663 -0.798198
difference magnitude
0.99166
0, 435
F_OM1
0.999516 -0.00252579 -0.031001 222.871 
0.00845251 -0.937132 0.348873 -115.651 
-0.0299332 -0.348966 -0.936657 827.211 
0 0 0 1 
F_OM2
0.995681 0.0833189 -0.0409598 258.534 
-0.0190097 -0.248873 -0.968349 -58.6224 
-0.0908756 0.964946 -0.246215 795.435 
0 0 0 1 
F_RN measured
0.999975 -0.00567875 0.00411809 -0.108208 
0.00561822 0.999878 0.014564 377.42 
-0.0042003 -0.0145405 0.999885 -0.475546 
0 0 0 1 
F_RN expected
1 0 0 0 
0 1 0 387.3 
0 0 1 0 
0 0 0 1 
expected needle
0 435 -115
actual needle
-0.852665 423.439 -116.156
difference vector
-0.852665 -11.5611 -1.15596
difference magnitude
11.65
0, 445
F_OM1
0.99954 -0.0016716 -0.0302795 222.619 
0.00904905 -0.936551 0.350416 -112.031 
-0.0289441 -0.350529 -0.936105 818.002 
0 0 0 1 
F_OM2
0.995599 0.0841868 -0.0411709 258.26 
-0.0191773 -0.247005 -0.968825 -55.0077 
-0.0917317 0.96535 -0.244303 786.243 
0 0 0 1 
F_RN measured
0.999977 -0.00412859 0.00542112 -0.148424 
0.00406878 0.999931 0.0109988 377.531 
-0.00546615 -0.0109765 0.999925 -0.473765 
0 0 0 1 
F_RN expected
1 0 0 0 
0 1 0 397.3 
0 0 1 0 
0 0 0 1 
expected needle
0 445 -115
actual needle
-0.968786 423.963 -115.989
difference vector
-0.968786 -21.0371 -0.988698
difference magnitude
21.0826
0, 435
F_OM1
0.999519 -0.0041546 -0.0307241 222.859 
0.00678508 -0.937646 0.347524 -115.226 
-0.0302521 -0.347566 -0.937167 826.214 
0 0 0 1 
F_OM2
0.993409 0.0899634 -0.0710319 259.25 
-0.0480142 -0.236113 -0.970539 -58.4482 
-0.104085 0.967552 -0.230237 793.772 
0 0 0 1 
F_RN measured
0.999429 0.000647696 0.0337682 -1.14855 
-0.000736131 0.999996 0.00260652 377.943 
-0.0337664 -0.00262989 0.999426 -0.561632 
0 0 0 1 
F_RN expected
1 0 0 0 
0 1 0 387.3 
0 0 1 0 
0 0 0 1 
expected needle
0 435 -115
actual needle
-5.001 425.343 -115.621
difference vector
-5.001 -9.657 -0.621102
difference magnitude
10.8928
0, 425
F_OM1
0.99952 -0.00450954 -0.0306614 223.238 
0.00637955 -0.938229 0.345955 -118.928 
-0.0303275 -0.345985 -0.93775 835.603 
0 0 0 1 
F_OM2
0.993638 0.091272 -0.065983 259.457 
-0.0433594 -0.230694 -0.97206 -62.2918 
-0.103944 0.968736 -0.225269 802.944 
0 0 0 1 
F_RN measured
0.999587 0.00183473 0.0286857 -0.978193 
-0.00179619 0.999997 -0.0013691 378.08 
-0.0286881 0.00131701 0.999588 -0.568727 
0 0 0 1 
F_RN expected
1 0 0 0 
0 1 0 377.3 
0 0 1 0 
0 0 0 1 
expected needle
0 425 -115
actual needle
-4.18953 425.937 -115.458
difference vector
-4.18953 0.936967 -0.458473
difference magnitude
4.31744
0, 415
F_OM1
0.999525 -0.00533557 -0.0303375 223.631 
0.0054477 -0.93874 0.344584 -122.651 
-0.0303176 -0.344585 -0.938265 844.985 
0 0 0 1 
F_OM2
0.994261 0.0900604 -0.0577503 259.671 
