[fiducial0]
x=47.9762
y=0.214799
z=-16.974
[fiducial1]
x=0
y=0
z=0
[fiducial2]
x=-40.0654
y=0.25721
z=-14.2008
[fiducial3]
x=0
y=0
z=70.7702
[geometry]
count=4
id=99900000
