[fiducial0]
x=47.9632
y=1.13578
z=-16.974
[fiducial1]
x=0
y=0
z=0
[fiducial2]
x=-40.063
y=-0.511991
z=-14.2008
[fiducial3]
x=0
y=0
z=70.7702
[geometry]
count=4
id=999
