[fiducial0]
x=0
y=0
z=30.0141
[fiducial1]
x=0
y=0
z=0
[fiducial2]
x=-38.7474
y=0.32605
z=-37.7697
[fiducial3]
x=38.1434
y=0.331213
z=-38.9201
[geometry]
count=4
id=100000
